,2020-06-01,2020-06-02,2020-06-03,2020-06-04,2020-06-05,2020-06-06,2020-06-07,2020-06-08,2020-06-09,2020-06-10,2020-06-11,2020-06-12,2020-06-13,2020-06-14,2020-06-15,2020-06-16,2020-06-17,2020-06-18,2020-06-19,2020-06-20,2020-06-21,2020-06-22,2020-06-23,2020-06-24,2020-06-25,2020-06-26,2020-06-27,2020-06-28,2020-06-29,2020-06-30,2020-07-01,2020-07-02,2020-07-03,2020-07-04,2020-07-05,2020-07-06,2020-07-07,2020-07-08,2020-07-09,2020-07-10,2020-07-11,2020-07-12,2020-07-13,2020-07-14,2020-07-15,2020-07-16,2020-07-17,2020-07-18,2020-07-19,2020-07-20,2020-07-21,2020-07-22,2020-07-23,2020-07-24,2020-07-25,2020-07-26,2020-07-27,2020-07-28,2020-07-29,2020-07-30,2020-07-31,2020-08-01,2020-08-02,2020-08-03,2020-08-04,2020-08-05,2020-08-06,2020-08-07,2020-08-08,2020-08-09,2020-08-10,2020-08-11,2020-08-12,2020-08-13,2020-08-14,2020-08-15,2020-08-16,2020-08-17,2020-08-18,2020-08-19,2020-08-20,2020-08-21,2020-08-22,2020-08-23,2020-08-24,2020-08-25,2020-08-26,2020-08-27,2020-08-28,2020-08-29,2020-08-30,2020-08-31,2020-09-01,2020-09-02,2020-09-03,2020-09-04,2020-09-05,2020-09-06,2020-09-07,2020-09-08,2020-09-09,2020-09-10,2020-09-11,2020-09-12,2020-09-13,2020-09-14,2020-09-15,2020-09-16,2020-09-17,2020-09-18,2020-09-19,2020-09-20,2020-09-21,2020-09-22,2020-09-23,2020-09-24,2020-09-25,2020-09-26,2020-09-27,2020-09-28,2020-09-29,2020-09-30,2020-10-01,2020-10-02,2020-10-03,2020-10-04,2020-10-05,2020-10-06,2020-10-07,2020-10-08,2020-10-09,2020-10-10,2020-10-11,2020-10-12,2020-10-13,2020-10-14,2020-10-15,2020-10-16,2020-10-17,2020-10-18,2020-10-19,2020-10-20,2020-10-21,2020-10-22,2020-10-23,2020-10-24,2020-10-25,2020-10-26,2020-10-27,2020-10-28,2020-10-29,2020-10-30,2020-10-31,2020-11-01,2020-11-02,2020-11-03,2020-11-04,2020-11-05,2020-11-06,2020-11-09,2020-11-10,2020-11-11,2020-11-12,2020-11-13,2020-11-14,2020-11-15,2020-11-16,2020-11-17,2020-11-18,2020-11-19,2020-11-20,2020-11-21,2020-11-22,2020-11-23,2020-11-24,2020-11-25,2020-11-26,2020-11-27,2020-11-28,2020-11-29,2020-11-30,2020-12-01,2020-12-02,2020-12-03,2020-12-04,2020-12-05,2020-12-06,2020-12-07,2020-12-08,2020-12-09,2020-12-10,2020-12-11,2020-12-12,2020-12-13,2020-12-14,2020-12-15,2020-12-16,2020-12-17,2020-12-18,2020-12-19,2020-12-20,2020-12-21,2020-12-22,2020-12-23,2020-12-24,2020-12-25,2020-12-26,2020-12-27,2020-12-28,2020-12-29,2020-12-30,2020-12-31,2021-01-01,2021-01-02,2021-01-03,2021-01-04,2021-01-05,2021-01-06,2021-01-07,2021-01-08,2021-01-09,2021-01-10,2021-01-11,2021-01-12,2021-01-13,2021-01-14,2021-01-15,2021-01-16,2021-01-17,2021-01-18,2021-01-19,2021-01-20,2021-01-21,2021-01-22,2021-01-23,2021-01-24,2021-01-25,2021-01-26,2021-01-27,2021-01-28,2021-01-29,2021-01-30,2021-01-31,2021-02-01,2021-02-02,2021-02-03,2021-02-04,2021-02-05,2021-02-06,2021-02-07,2021-02-08,2021-02-09,2021-02-10,2021-02-11,2021-02-12,2021-02-13,2021-02-14,2021-02-15,2021-02-16,2021-02-17,2021-02-18,2021-02-19,2021-02-20,2021-02-21,2021-02-22,2021-02-23,2021-02-24,2021-02-25,2021-02-26,2021-02-27,2021-02-28,2021-03-01,2021-03-02,2021-03-03,2021-03-04,2021-03-05,2021-03-06,2021-03-07,2021-03-08,2021-03-09,2021-03-10,2021-03-11,2021-03-12,2021-03-13,2021-03-14,2021-03-15,2021-03-16,2021-03-17,2021-03-18,2021-03-19,2021-03-20,2021-03-21,2021-03-22,2021-03-23,2021-03-24,2021-03-25,2021-03-26,2021-03-27,2021-03-28,2021-03-29,2021-03-30,2021-03-31,2021-04-01,2021-04-02,2021-04-03,2021-04-04,2021-04-05,2021-04-06,2021-04-07,2021-04-08,2021-04-09,2021-04-10,2021-04-11,2021-04-12,2021-04-13,2021-04-14,2021-04-15,2021-04-16,2021-04-17,2021-04-18,2021-04-19,2021-04-20,2021-04-21,2021-04-22,2021-04-23,2021-04-24,2021-04-25,2021-04-26,2021-04-27,2021-04-28,2021-04-29,2021-04-30,2021-05-01,2021-05-02,2021-05-03,2021-05-04,2021-05-05,2021-05-06,2021-05-07,2021-05-08,2021-05-09,2021-05-10,2021-05-11,2021-05-12,2021-05-13,2021-05-14,2021-05-15,2021-05-16,2021-05-17,2021-05-18,2021-05-19,2021-05-20,2021-05-21,2021-05-22,2021-05-23,2021-05-24,2021-05-25,2021-05-26,2021-05-27,2021-05-28,2021-05-29,2021-05-30,2021-05-31,2021-06-01,2021-06-02,2021-06-03,2021-06-04,2021-06-05,2021-06-06,2021-06-07,2021-06-08,2021-06-09,2021-06-10,2021-06-11,2021-06-12,2021-06-13,2021-06-14,2021-06-15,2021-06-16,2021-06-17,2021-06-18,2021-06-19,2021-06-20,2021-06-21,2021-06-22,2021-06-23,2021-06-24,2021-06-25,2021-06-26,2021-06-27,2021-06-28,2021-06-29,2021-06-30,2021-07-01,2021-07-02,2021-07-03,2021-07-04,2021-07-05,2021-07-06,2021-07-07,2021-07-08,2021-07-09,2021-07-10,2021-07-11,2021-07-12,2021-07-13,2021-07-14,2021-07-15,2021-07-16,2021-07-17,2021-07-18,2021-07-19,2021-07-20,2021-07-21,2021-07-22,2021-07-23,2021-07-24,2021-07-25,2021-07-26,2021-07-27,2021-07-28,2021-07-29,2021-07-30,2021-07-31,2021-08-01,2021-08-02,2021-08-03,2021-08-04,2021-08-05,2021-08-06,2021-08-07,2021-08-08,2021-08-09,2021-08-10,2021-08-11,2021-08-12,2021-08-13,2021-08-14,2021-08-15,2021-08-16,2021-08-17,2021-08-18,2021-08-19,2021-08-20,2021-08-21,2021-08-22,2021-08-23,2021-08-24,2021-08-25,2021-08-26,2021-08-27,2021-08-28,2021-08-29,2021-08-30,2021-08-31,2021-09-01,2021-09-02,2021-09-03,2021-09-04,2021-09-05,2021-09-06,2021-09-07,2021-09-08,2021-09-09,2021-09-10,2021-09-11,2021-09-12,2021-09-13,2021-09-14,2021-09-15,2021-09-16,2021-09-17,2021-09-18,2021-09-19,2021-09-20,2021-09-21,2021-09-22,2021-09-23,2021-09-24,2021-09-25,2021-09-26,2021-09-27,2021-09-28,2021-09-29,2021-09-30,2021-10-01,2021-10-02,2021-10-03,2021-10-04,2021-10-05,2021-10-06,2021-10-07,2021-10-08,2021-10-09,2021-10-10,2021-10-11,2021-10-12,2021-10-13,2021-10-14,2021-10-15,2021-10-16,2021-10-17,2021-10-18,2021-10-19,2021-10-20,2021-10-21,2021-10-22,2021-10-23,2021-10-24,2021-10-25,2021-10-26,2021-10-27,2021-10-28,2021-10-29,2021-10-30,2021-10-31,2021-11-01,2021-11-02,2021-11-03,2021-11-04,2021-11-05,2021-11-06,2021-11-07,2021-11-08,2021-11-09,2021-11-10,2021-11-11,2021-11-12,2021-11-13,2021-11-14,2021-11-15,2021-11-16,2021-11-17,2021-11-18,2021-11-19,2021-11-20,2021-11-21,2021-11-22,2021-11-23,2021-11-24,2021-11-25,2021-11-26,2021-11-27,2021-11-28,2021-11-29,2021-11-30,2021-12-01,2021-12-02,2021-12-03,2021-12-04,2021-12-05,2021-12-06,2021-12-07,2021-12-08,2021-12-09,2021-12-10,2021-12-11,2021-12-12,2021-12-13,2021-12-14,2021-12-15,2021-12-16,2021-12-17,2021-12-18,2021-12-19,2021-12-20,2021-12-21,2021-12-24,2021-12-25,2021-12-26,2021-12-27,2021-12-28,2021-12-29,2021-12-30,2021-12-31,2022-01-01,2022-01-02,2022-01-03,2022-01-04,2022-01-05,2022-01-06,2022-01-07,2022-01-08,2022-01-09,2022-01-10,2022-01-11,2022-01-12,2022-01-13,2022-01-14,2022-01-15,2022-01-16,2022-01-17,2022-01-18,2022-01-19,2022-01-20,2022-01-21,2022-01-22,2022-01-23,2022-01-24,2022-01-25,2022-01-26,2022-01-27,2022-01-28,2022-01-29,2022-01-30,2022-01-31,2022-02-01,2022-02-02,2022-02-03,2022-02-04,2022-02-05,2022-02-06,2022-02-07,2022-02-08,2022-02-09,2022-02-10,2022-02-11,2022-02-12,2022-02-13,2022-02-14,2022-02-15,2022-02-16,2022-02-17,2022-02-18,2022-02-19,2022-02-20,2022-02-21,2022-02-22,2022-02-23,2022-02-24,2022-02-25,2022-02-26,2022-02-27,2022-02-28,2022-03-01,2022-03-02,2022-03-03,2022-03-04,2022-03-05,2022-03-06,2022-03-07,2022-03-08,2022-03-09,2022-03-10,2022-03-11,2022-03-12,2022-03-13,2022-03-14,2022-03-15,2022-03-16,2022-03-17,2022-03-18,2022-03-19,2022-03-20,2022-03-21,2022-03-22,2022-03-23,2022-03-24,2022-03-25,2022-03-26,2022-03-27,2022-03-28,2022-03-29,2022-03-30,2022-03-31,2022-04-01,2022-04-02,2022-04-03,2022-04-04,2022-04-05,2022-04-06,2022-04-07,2022-04-08,2022-04-09,2022-04-10,2022-04-11,2022-04-12,2022-04-13,2022-04-14,2022-04-15,2022-04-16,2022-04-17,2022-04-18,2022-04-19,2022-04-20,2022-04-21,2022-04-22,2022-04-23,2022-04-24,2022-04-25,2022-04-26,2022-04-27,2022-04-28,2022-04-29,2022-04-30,2022-05-01,2022-05-02,2022-05-03,2022-05-04,2022-05-05,2022-05-06,2022-05-07,2022-05-08,2022-05-09,2022-05-10,2022-05-11,2022-05-12,2022-05-13,2022-05-14,2022-05-15,2022-05-16,2022-05-17,2022-05-18,2022-05-19,2022-05-20,2022-05-21,2022-05-22,2022-05-23,2022-05-24,2022-05-25,2022-05-26,2022-05-27,2022-05-28,2022-05-29,2022-05-30,2022-05-31,2022-06-01,2022-06-02,2022-06-03,2022-06-04,2022-06-05,2022-06-06,2022-06-07,2022-06-08,2022-06-09,2022-06-10,2022-06-11,2022-06-12,2022-06-13,2022-06-14,2022-06-15,2022-06-16,2022-06-17,2022-06-18,2022-06-19,2022-06-20,2022-06-21,2022-06-22,2022-06-23,2022-06-24,2022-06-25,2022-06-26,2022-06-27,2022-06-28
0,0.0,0.0,0.0,0.0,0.0,0.0,0.0,0.0,0.0,0.0,0.0,0.0,0.0,0.0,0.0,0.0,0.0,0.0,0.0,0.0,0.0,0.0,0.0,0.0,0.0,0.0,0.0,0.0,0.0,0.0,0.0,0.0,0.0,0.0,0.0,0.0,0.0,0.0,0.0,0.0,0.0,0.0,0.0,0.0,0.0,0.0,0.0,0.0,0.0,0.0,0.0,0.0,0.0,0.0,0.0,0.0,0.0,0.0,0.0,0.0,0.0,0.0,0.0,0.0,0.0,0.0,0.0,0.0,0.0,0.0,0.0,0.0,-0.2,-0.3,-0.2,-0.2,0.0,-0.2,0.0,0.0,323.20000000000005,-0.2,-0.2,-0.2,-0.2,-0.2,-0.2,-0.2,-0.2,-0.2,-0.2,-0.2,0.0,-0.2,-0.2,0.0,0.0,0.0,0.0,0.0,0.0,0.0,0.0,0.0,0.0,0.0,0.0,0.0,0.0,0.0,0.0,0.0,0.0,0.0,0.0,0.0,0.0,0.0,0.0,0.0,0.0,0.0,0.0,0.0,0.0,0.0,0.0,0.0,0.0,0.0,0.0,0.0,0.0,0.0,0.0,0.0,0.0,0.0,0.0,0.0,0.0,0.0,0.0,0.0,0.0,0.0,0.0,0.0,0.0,0.0,0.0,0.0,0.0,0.0,0.0,0.0,0.0,0.0,0.0,426.40000000000003,0.0,0.0,0.0,0.0,0.0,0.0,0.0,0.0,0.0,0.0,0.0,0.0,0.0,0.0,0.0,0.0,0.0,0.0,0.0,0.0,0.0,0.0,0.0,0.0,0.0,0.0,0.0,0.0,-0.2,0.0,0.0,0.0,0.0,0.0,0.0,0.0,0.0,0.0,-0.2,0.0,0.0,0.0,-0.2,-0.2,-0.2,-0.2,0.0,0.0,-0.3,0.0,-0.3,-0.2,-0.2,-0.2,0.0,-0.2,0.0,0.0,-0.2,-0.2,-0.2,-0.2,0.0,-0.2,-0.2,-0.2,0.0,-0.2,0.0,0.0,-0.2,0.0,0.0,-0.2,-0.3,-0.3,-0.2,0.0,-0.2,0.0,0.0,0.0,-0.2,-0.2,-0.2,0.0,0.0,0.0,-0.2,-0.2,0.0,0.0,-0.2,0.0,-0.2,0.0,0.0,-0.2,0.0,0.0,0.0,0.0,0.0,0.0,0.0,0.0,0.0,0.0,0.0,0.0,0.0,0.0,0.0,0.0,0.0,0.0,0.0,0.0,0.0,0.0,0.0,0.0,0.0,0.0,0.0,0.0,0.0,0.0,0.0,0.0,0.0,0.0,0.0,0.0,0.0,0.0,0.0,0.0,0.0,0.0,0.0,0.0,0.0,0.0,0.0,0.0,0.0,0.0,0.0,0.0,0.0,0.0,0.0,0.0,0.0,0.0,0.0,0.0,0.0,0.0,0.0,0.0,0.0,0.0,0.0,0.0,0.0,0.0,0.0,0.0,0.0,0.0,0.0,0.0,0.0,0.0,0.0,0.0,0.0,0.0,0.0,0.0,0.0,0.0,0.0,0.0,0.0,0.0,0.0,0.0,0.0,0.0,0.0,0.0,0.0,0.0,0.0,0.0,0.0,0.0,0.0,0.0,0.0,0.0,0.0,0.0,0.0,0.0,0.0,0.0,0.0,0.0,0.0,0.0,0.0,0.0,0.0,0.0,0.0,0.0,0.0,0.0,0.0,0.0,0.0,5.9,0.0,0.0,0.0,0.0,0.0,0.0,0.0,0.0,0.0,0.0,0.0,0.0,0.0,0.0,-1.5,-1.5,0.0,0.0,0.0,0.0,0.0,0.0,0.0,0.0,0.0,0.0,0.0,0.0,0.0,0.0,0.0,0.0,0.0,0.0,0.0,0.0,0.0,0.0,0.0,0.0,0.0,0.0,0.0,0.0,0.0,0.0,0.0,0.0,0.0,0.0,0.0,0.0,0.0,0.0,0.0,0.0,0.0,0.0,0.0,0.0,0.0,0.0,0.0,0.0,0.0,0.0,0.0,0.0,0.0,0.0,0.0,0.0,0.0,0.0,0.0,0.0,0.0,0.0,0.0,0.0,0.0,0.0,0.0,0.0,0.0,0.0,0.0,0.0,0.0,0.0,0.0,0.0,0.0,0.0,0.0,0.0,0.0,0.0,0.0,0.0,0.0,0.0,0.0,0.0,0.0,0.0,0.0,0.0,0.0,0.0,0.0,0.0,0.0,0.0,0.0,0.0,0.0,0.0,0.0,0.0,0.0,0.0,0.0,0.0,0.0,0.0,0.0,0.0,0.0,0.0,0.0,0.0,0.0,0.0,0.0,0.0,0.0,0.0,0.0,0.0,0.0,0.0,0.0,0.0,0.0,0.0,0.0,0.0,0.0,0.0,0.0,0.0,0.0,0.0,0.0,0.0,0.0,0.0,0.0,0.0,0.0,0.0,0.0,0.0,0.0,0.0,0.0,0.0,0.0,0.0,0.0,0.0,0.0,0.0,0.0,0.0,0.0,0.0,0.0,0.0,0.0,155.6,0.0,0.0,0.0,0.0,0.0,0.0,0.0,0.0,0.0,0.0,0.0,0.0,0.0,0.0,0.0,0.0,0.0,0.0,0.0,0.0,0.0,0.0,0.0,0.0,0.0,0.0,0.0,0.0,0.0,0.0,0.0,0.0,0.0,0.0,0.0,0.0,0.0,0.0,0.0,0.0,0.0,0.0,0.0,0.0,0.0,0.0,0.0,0.0,0.0,0.0,0.0,0.0,0.0,0.0,0.0,0.0,0.0,0.0,0.0,0.0,0.0,0.0,0.0,0.0,0.0,0.0,0.0,0.0,0.0,0.0,0.0,0.0,0.0,0.0,0.0,0.0,0.0,0.0,0.0,0.0,0.0,0.0,0.0,0.0,0.0,0.0,0.0,0.0,0.0,0.0,0.0,4.3,0.0,0.0,0.0,0.0,0.0,0.0,0.0,0.0,0.0,0.0,0.0,0.0,0.0,0.0,0.0,0.0,0.0,0.0,0.0,0.0,0.0,0.0,0.0,0.0,0.0,0.0,0.0,0.0,0.0,0.0,0.0,0.0,0.0,0.0,0.0,0.0,0.0,0.0,0.0,0.0,0.0,0.0,0.0,0.0,0.0,0.0,0.0,0.0,0.0,0.0,0.0,0.0,0.0,0.0,0.0,0.0,0.0,0.0,0.0,0.0,0.0,0.0,0.0,0.0,0.0,0.0,0.0,0.0,0.0,0.0,0.0,0.0,0.0,0.0,0.0,0.0,0.0,0.0,0.0,0.0,0.0,0.0,0.0,0.0,0.0,0.0,0.0,0.0,0.0,0.0,0.0,0.0,0.0,0.0
1,0.0,0.0,0.0,0.0,0.0,0.0,0.0,0.0,0.0,0.0,0.0,0.0,0.0,0.0,0.0,0.0,0.0,0.0,0.0,0.0,0.0,0.0,0.0,0.0,0.0,0.0,0.0,0.0,0.0,0.0,0.0,0.0,0.0,0.0,0.0,0.0,0.0,0.0,0.0,0.0,0.0,0.0,0.0,0.0,0.0,0.0,0.0,0.0,0.0,0.0,0.0,0.0,0.0,0.0,0.0,0.0,0.0,0.0,0.0,0.0,0.0,0.0,0.0,0.0,0.0,0.0,0.0,0.0,0.0,0.0,0.0,0.0,-0.2,-0.2,-0.2,-0.2,0.0,-0.2,0.0,0.0,323.20000000000005,-0.2,-0.2,-0.2,-0.2,-0.2,-0.2,-0.2,-0.2,-0.2,-0.2,-0.2,0.0,-0.2,-0.2,0.0,0.0,0.0,0.0,0.0,0.0,0.0,0.0,0.0,0.0,0.0,0.0,0.0,0.0,0.0,0.0,0.0,0.0,0.0,0.0,0.0,0.0,0.0,0.0,0.0,0.0,0.0,0.0,0.0,0.0,0.0,0.0,0.0,0.0,0.0,0.0,0.0,0.0,0.0,0.0,0.0,0.0,0.0,0.0,0.0,0.0,0.0,0.0,0.0,0.0,0.0,0.0,0.0,0.0,0.0,0.0,0.0,0.0,0.0,0.0,0.0,0.0,0.0,0.0,426.40000000000003,0.0,0.0,0.0,0.0,0.0,0.0,0.0,0.0,0.0,0.0,0.0,0.0,0.0,0.0,0.0,0.0,0.0,0.0,0.0,0.0,0.0,0.0,0.0,0.0,0.0,0.0,0.0,0.0,-0.3,0.0,0.0,0.0,0.0,0.0,0.0,0.0,0.0,0.0,-0.3,0.0,0.0,0.0,-0.2,-0.2,-0.2,-0.2,0.0,0.0,-0.3,0.0,-0.3,-0.2,-0.2,-0.2,0.0,-0.2,0.0,0.0,-0.2,-0.2,-0.2,-0.2,0.0,-0.2,-0.2,0.0,0.0,-0.2,0.0,0.0,-0.2,0.0,0.0,-0.2,-0.3,-0.3,-0.2,0.0,-0.2,0.0,0.0,0.0,-0.2,-0.2,-0.2,0.0,0.0,0.0,-0.2,-0.2,0.0,0.0,-0.2,0.0,-0.3,0.0,0.0,-0.3,0.0,0.0,0.0,0.0,0.0,0.0,0.0,0.0,0.0,0.0,0.0,0.0,0.0,0.0,0.0,0.0,0.0,0.0,0.0,0.0,0.0,0.0,0.0,0.0,0.0,0.0,0.0,0.0,0.0,0.0,0.0,0.0,0.0,0.0,0.0,0.0,0.0,0.0,0.0,0.0,0.0,0.0,0.0,0.0,0.0,0.0,0.0,0.0,0.0,0.0,0.0,0.0,0.0,0.0,0.0,0.0,0.0,0.0,0.0,0.0,0.0,0.0,0.0,0.0,0.0,0.0,0.0,0.0,0.0,0.0,0.0,0.0,0.0,0.0,0.0,0.0,0.0,0.0,0.0,0.0,0.0,0.0,0.0,0.0,0.0,0.0,0.0,0.0,0.0,0.0,0.0,0.0,0.0,0.0,0.0,0.0,0.0,0.0,0.0,0.0,0.0,0.0,0.0,0.0,0.0,0.0,0.0,0.0,0.0,0.0,0.0,0.0,0.0,0.0,0.0,0.0,0.0,0.0,0.0,0.0,0.0,0.0,0.0,0.0,0.0,0.0,0.0,5.9,0.0,0.0,0.0,0.0,0.0,0.0,0.0,0.0,0.0,0.0,0.0,0.0,0.0,0.0,-1.5,-1.5,0.0,0.0,0.0,0.0,0.0,0.0,0.0,0.0,0.0,0.0,0.0,0.0,0.0,0.0,0.0,0.0,0.0,0.0,0.0,0.0,0.0,0.0,0.0,0.0,0.0,0.0,0.0,0.0,0.0,0.0,0.0,0.0,0.0,0.0,0.0,0.0,0.0,0.0,0.0,0.0,0.0,0.0,0.0,0.0,0.0,0.0,0.0,0.0,0.0,0.0,0.0,0.0,0.0,0.0,0.0,0.0,0.0,0.0,0.0,0.0,0.0,0.0,0.0,0.0,0.0,0.0,0.0,0.0,0.0,0.0,0.0,0.0,0.0,0.0,0.0,0.0,0.0,0.0,0.0,0.0,0.0,0.0,0.0,0.0,0.0,0.0,0.0,0.0,0.0,0.0,0.0,0.0,0.0,0.0,0.0,0.0,0.0,0.0,0.0,0.0,0.0,0.0,0.0,0.0,0.0,0.0,0.0,0.0,0.0,0.0,0.0,0.0,0.0,0.0,0.0,0.0,0.0,0.0,0.0,0.0,0.0,0.0,0.0,0.0,0.0,0.0,0.0,0.0,0.0,0.0,0.0,0.0,0.0,0.0,0.0,0.0,0.0,0.0,0.0,0.0,0.0,0.0,0.0,0.0,0.0,0.0,0.0,0.0,0.0,0.0,0.0,0.0,0.0,0.0,0.0,0.0,0.0,0.0,0.0,0.0,0.0,0.0,0.0,0.0,0.0,155.6,0.0,0.0,0.0,0.0,0.0,0.0,0.0,0.0,0.0,0.0,0.0,0.0,0.0,0.0,0.0,0.0,0.0,0.0,0.0,0.0,0.0,0.0,0.0,0.0,0.0,0.0,0.0,0.0,0.0,0.0,0.0,0.0,0.0,0.0,0.0,0.0,0.0,0.0,0.0,0.0,0.0,0.0,0.0,0.0,0.0,0.0,0.0,0.0,0.0,0.0,0.0,0.0,0.0,0.0,0.0,0.0,0.0,0.0,0.0,0.0,0.0,0.0,0.0,0.0,0.0,0.0,0.0,0.0,0.0,0.0,0.0,0.0,0.0,0.0,0.0,0.0,0.0,0.0,0.0,0.0,0.0,0.0,0.0,0.0,0.0,0.0,0.0,0.0,0.0,0.0,0.0,4.3,0.0,0.0,0.0,0.0,0.0,0.0,0.0,0.0,0.0,0.0,0.0,0.0,0.0,0.0,0.0,0.0,0.0,0.0,0.0,0.0,0.0,0.0,0.0,0.0,0.0,0.0,0.0,0.0,0.0,0.0,0.0,0.0,0.0,0.0,0.0,0.0,0.0,0.0,0.0,0.0,0.0,0.0,0.0,0.0,0.0,0.0,0.0,0.0,0.0,0.0,0.0,0.0,0.0,0.0,0.0,0.0,0.0,0.0,0.0,0.0,0.0,0.0,0.0,0.0,0.0,0.0,0.0,0.0,0.0,0.0,0.0,0.0,0.0,0.0,0.0,0.0,0.0,0.0,0.0,0.0,0.0,0.0,0.0,0.0,0.0,0.0,0.0,0.0,0.0,0.0,0.0,0.0,0.0,0.0
2,0.0,0.0,0.0,0.0,0.0,0.0,0.0,0.0,0.0,0.0,0.0,0.0,0.0,0.0,0.0,0.0,0.0,0.0,0.0,0.0,0.0,0.0,0.0,0.0,0.0,0.0,0.0,0.0,0.0,0.0,0.0,0.0,0.0,0.0,0.0,0.0,0.0,0.0,0.0,0.0,0.0,0.0,0.0,0.0,0.0,0.0,0.0,0.0,0.0,0.0,0.0,0.0,0.0,0.0,0.0,0.0,0.0,0.0,0.0,0.0,0.0,0.0,0.0,0.0,0.0,0.0,0.0,0.0,0.0,0.0,0.0,0.0,-0.2,-0.2,-0.2,-0.2,0.0,-0.2,0.0,0.0,323.20000000000005,-0.2,-0.2,-0.2,-0.2,-0.2,-0.2,-0.2,-0.2,-0.2,-0.2,-0.2,0.0,-0.2,-0.2,0.0,0.0,0.0,0.0,0.0,0.0,0.0,0.0,0.0,0.0,0.0,0.0,0.0,0.0,0.0,0.0,0.0,0.0,0.0,0.0,0.0,0.0,0.0,0.0,0.0,0.0,0.0,0.0,0.0,0.0,0.0,0.0,0.0,0.0,0.0,0.0,0.0,0.0,0.0,0.0,0.0,0.0,0.0,0.0,0.0,0.0,0.0,0.0,0.0,0.0,0.0,0.0,0.0,0.0,0.0,0.0,0.0,0.0,0.0,0.0,0.0,0.0,0.0,0.0,426.40000000000003,0.0,0.0,0.0,0.0,0.0,0.0,0.0,0.0,0.0,0.0,0.0,0.0,0.0,0.0,0.0,0.0,0.0,0.0,0.0,0.0,0.0,0.0,0.0,0.0,0.0,0.0,0.0,0.0,-0.2,0.0,0.0,0.0,0.0,0.0,0.0,0.0,0.0,0.0,-0.3,0.0,0.0,0.0,-0.2,-0.2,-0.2,-0.2,0.0,0.0,-0.3,0.0,-0.2,-0.2,-0.2,-0.2,0.0,-0.2,0.0,0.0,-0.2,-0.2,-0.2,-0.2,0.0,-0.2,-0.2,-0.2,0.0,-0.2,0.0,0.0,-0.2,0.0,0.0,-0.2,-0.2,-0.2,-0.2,0.0,-0.2,0.0,0.0,0.0,-0.2,-0.2,-0.2,0.0,0.0,0.0,-0.2,-0.2,0.0,0.0,-0.2,0.0,-0.3,0.0,0.0,-0.3,0.0,0.0,0.0,0.0,0.0,0.0,0.0,0.0,0.0,0.0,0.0,0.0,0.0,0.0,0.0,0.0,0.0,0.0,0.0,0.0,0.0,0.0,0.0,0.0,0.0,0.0,0.0,0.0,0.0,0.0,0.0,0.0,0.0,0.0,0.0,0.0,0.0,0.0,0.0,0.0,0.0,0.0,0.0,0.0,0.0,0.0,0.0,0.0,0.0,0.0,0.0,0.0,0.0,0.0,0.0,0.0,0.0,0.0,0.0,0.0,0.0,0.0,0.0,0.0,0.0,0.0,0.0,0.0,0.0,0.0,0.0,0.0,0.0,0.0,0.0,0.0,0.0,0.0,0.0,0.0,0.0,0.0,0.0,0.0,0.0,0.0,0.0,0.0,0.0,0.0,0.0,0.0,0.0,0.0,0.0,0.0,0.0,0.0,0.0,0.0,0.0,0.0,0.0,0.0,0.0,0.0,0.0,0.0,0.0,0.0,0.0,0.0,0.0,0.0,0.0,0.0,0.0,0.0,0.0,0.0,0.0,0.0,0.0,0.0,0.0,0.0,0.0,5.9,0.0,0.0,0.0,0.0,0.0,0.0,0.0,0.0,0.0,0.0,0.0,0.0,0.0,0.0,-1.5,-1.5,0.0,0.0,0.0,0.0,0.0,0.0,0.0,0.0,0.0,0.0,0.0,0.0,0.0,0.0,0.0,0.0,0.0,0.0,0.0,0.0,0.0,0.0,0.0,0.0,0.0,0.0,0.0,0.0,0.0,0.0,0.0,0.0,0.0,0.0,0.0,0.0,0.0,0.0,0.0,0.0,0.0,0.0,0.0,0.0,0.0,0.0,0.0,0.0,0.0,0.0,0.0,0.0,0.0,0.0,0.0,0.0,0.0,0.0,0.0,0.0,0.0,0.0,0.0,0.0,0.0,0.0,0.0,0.0,0.0,0.0,0.0,0.0,0.0,0.0,0.0,0.0,0.0,0.0,0.0,0.0,0.0,0.0,0.0,0.0,0.0,0.0,0.0,0.0,0.0,0.0,0.0,0.0,0.0,0.0,0.0,0.0,0.0,0.0,0.0,0.0,0.0,0.0,0.0,0.0,0.0,0.0,0.0,0.0,0.0,0.0,0.0,0.0,0.0,0.0,0.0,0.0,0.0,0.0,0.0,0.0,0.0,0.0,0.0,0.0,0.0,0.0,0.0,0.0,0.0,0.0,0.0,0.0,0.0,0.0,0.0,0.0,0.0,0.0,0.0,0.0,0.0,0.0,0.0,0.0,0.0,0.0,0.0,0.0,0.0,0.0,0.0,0.0,0.0,0.0,0.0,0.0,0.0,0.0,0.0,0.0,0.0,0.0,0.0,0.0,0.0,155.6,0.0,0.0,0.0,0.0,0.0,0.0,0.0,0.0,0.0,0.0,0.0,0.0,0.0,0.0,0.0,0.0,0.0,0.0,0.0,0.0,0.0,0.0,0.0,0.0,0.0,0.0,0.0,0.0,0.0,0.0,0.0,0.0,0.0,0.0,0.0,0.0,0.0,0.0,0.0,0.0,0.0,0.0,0.0,0.0,0.0,0.0,0.0,0.0,0.0,0.0,0.0,0.0,0.0,0.0,0.0,0.0,0.0,0.0,0.0,0.0,0.0,0.0,0.0,0.0,0.0,0.0,0.0,0.0,0.0,0.0,0.0,0.0,0.0,0.0,0.0,0.0,0.0,0.0,0.0,0.0,0.0,0.0,0.0,0.0,0.0,0.0,0.0,0.0,0.0,0.0,0.0,4.3,0.0,0.0,0.0,0.0,0.0,0.0,0.0,0.0,0.0,0.0,0.0,0.0,0.0,0.0,0.0,0.0,0.0,0.0,0.0,0.0,0.0,0.0,0.0,0.0,0.0,0.0,0.0,0.0,0.0,0.0,0.0,0.0,0.0,0.0,0.0,0.0,0.0,0.0,0.0,0.0,0.0,0.0,0.0,0.0,0.0,0.0,0.0,0.0,0.0,0.0,0.0,0.0,0.0,0.0,0.0,0.0,0.0,0.0,0.0,0.0,0.0,0.0,0.0,0.0,0.0,0.0,0.0,0.0,0.0,0.0,0.0,0.0,0.0,0.0,0.0,0.0,0.0,0.0,0.0,0.0,0.0,0.0,0.0,0.0,0.0,0.0,0.0,0.0,0.0,0.0,0.0,0.0,0.0,0.0
3,0.0,0.0,0.0,0.0,0.0,0.0,0.0,0.0,0.0,0.0,0.0,0.0,0.0,0.0,0.0,0.0,0.0,0.0,0.0,0.0,0.0,0.0,0.0,0.0,0.0,0.0,0.0,0.0,0.0,0.0,0.0,0.0,0.0,0.0,0.0,0.0,0.0,0.0,0.0,0.0,0.0,0.0,0.0,0.0,0.0,0.0,0.0,0.0,0.0,0.0,0.0,0.0,0.0,0.0,0.0,0.0,0.0,0.0,0.0,0.0,0.0,0.0,0.0,0.0,0.0,0.0,0.0,0.0,0.0,0.0,0.0,0.0,-0.2,-0.2,-0.2,-0.2,0.0,0.0,0.0,0.0,323.20000000000005,-0.2,-0.2,-0.2,-0.2,-0.2,-0.2,-0.2,-0.2,-0.2,-0.2,-0.2,0.0,-0.2,-0.2,0.0,0.0,0.0,0.0,0.0,0.0,0.0,0.0,0.0,0.0,0.0,0.0,0.0,0.0,0.0,0.0,0.0,0.0,0.0,0.0,0.0,0.0,0.0,0.0,0.0,0.0,0.0,0.0,0.0,0.0,0.0,0.0,0.0,0.0,0.0,0.0,0.0,0.0,0.0,0.0,0.0,0.0,0.0,0.0,0.0,0.0,0.0,0.0,0.0,0.0,0.0,0.0,0.0,0.0,0.0,0.0,0.0,0.0,0.0,0.0,0.0,0.0,0.0,0.0,426.40000000000003,0.0,0.0,0.0,0.0,0.0,0.0,0.0,0.0,0.0,0.0,0.0,0.0,0.0,0.0,0.0,0.0,0.0,0.0,0.0,0.0,0.0,0.0,0.0,0.0,0.0,0.0,0.0,0.0,-0.2,0.0,0.0,0.0,0.0,0.0,0.0,0.0,0.0,0.0,-0.2,0.0,0.0,0.0,-0.2,-0.2,-0.2,-0.2,0.0,0.0,-0.3,0.0,-0.2,-0.2,-0.2,-0.2,0.0,-0.2,0.0,0.0,-0.2,-0.2,-0.2,-0.2,0.0,-0.2,-0.2,-0.2,0.0,-0.2,0.0,0.0,-0.2,0.0,0.0,-0.3,-0.2,-0.3,-0.2,0.0,-0.2,0.0,0.0,0.0,-0.2,-0.3,-0.2,0.0,0.0,0.0,-0.2,-0.2,0.0,0.0,-0.2,0.0,-0.3,0.0,0.0,-0.3,0.0,0.0,0.0,0.0,0.0,0.0,0.0,0.0,0.0,0.0,0.0,0.0,0.0,0.0,0.0,0.0,0.0,0.0,0.0,0.0,0.0,0.0,0.0,0.0,0.0,0.0,0.0,0.0,0.0,0.0,0.0,0.0,0.0,0.0,0.0,0.0,0.0,0.0,0.0,0.0,0.0,0.0,0.0,0.0,0.0,0.0,0.0,0.0,0.0,0.0,0.0,0.0,0.0,0.0,0.0,0.0,0.0,0.0,0.0,0.0,0.0,0.0,0.0,0.0,0.0,0.0,0.0,0.0,0.0,0.0,0.0,0.0,0.0,0.0,0.0,0.0,0.0,0.0,0.0,0.0,0.0,0.0,0.0,0.0,0.0,0.0,0.0,0.0,0.0,0.0,0.0,0.0,0.0,0.0,0.0,0.0,0.0,0.0,0.0,0.0,0.0,0.0,0.0,0.0,0.0,0.0,0.0,0.0,0.0,0.0,0.0,0.0,0.0,0.0,0.0,0.0,0.0,0.0,0.0,0.0,0.0,0.0,0.0,0.0,0.0,0.0,0.0,5.9,0.0,0.0,0.0,0.0,0.0,0.0,0.0,0.0,0.0,0.0,0.0,0.0,0.0,0.0,-1.5,-1.5,0.0,0.0,0.0,0.0,0.0,0.0,0.0,0.0,0.0,0.0,0.0,0.0,0.0,0.0,0.0,0.0,0.0,0.0,0.0,0.0,0.0,0.0,0.0,0.0,0.0,0.0,0.0,0.0,0.0,0.0,0.0,0.0,0.0,0.0,0.0,0.0,0.0,0.0,0.0,0.0,0.0,0.0,0.0,0.0,0.0,0.0,0.0,0.0,0.0,0.0,0.0,0.0,0.0,0.0,0.0,0.0,0.0,0.0,0.0,0.0,0.0,0.0,0.0,0.0,0.0,0.0,0.0,0.0,0.0,0.0,0.0,0.0,0.0,0.0,0.0,0.0,0.0,0.0,0.0,0.0,0.0,0.0,0.0,0.0,0.0,0.0,0.0,0.0,0.0,0.0,0.0,0.0,0.0,0.0,0.0,0.0,0.0,0.0,0.0,0.0,0.0,0.0,0.0,0.0,0.0,0.0,0.0,0.0,0.0,0.0,0.0,0.0,0.0,0.0,0.0,0.0,0.0,0.0,0.0,0.0,0.0,0.0,0.0,0.0,0.0,0.0,0.0,0.0,0.0,0.0,0.0,0.0,0.0,0.0,0.0,0.0,0.0,0.0,0.0,0.0,0.0,0.0,0.0,0.0,0.0,0.0,0.0,0.0,0.0,0.0,0.0,0.0,0.0,0.0,0.0,0.0,0.0,0.0,0.0,0.0,0.0,0.0,0.0,0.0,0.0,155.6,0.0,0.0,0.0,0.0,0.0,0.0,0.0,0.0,0.0,0.0,0.0,0.0,0.0,0.0,0.0,0.0,0.0,0.0,0.0,0.0,0.0,0.0,0.0,0.0,0.0,0.0,0.0,0.0,0.0,0.0,0.0,0.0,0.0,0.0,0.0,0.0,0.0,0.0,0.0,0.0,0.0,0.0,0.0,0.0,0.0,0.0,0.0,0.0,0.0,0.0,0.0,0.0,0.0,0.0,0.0,0.0,0.0,0.0,0.0,0.0,0.0,0.0,0.0,0.0,0.0,0.0,0.0,0.0,0.0,0.0,0.0,0.0,0.0,0.0,0.0,0.0,0.0,0.0,0.0,0.0,0.0,0.0,0.0,0.0,0.0,0.0,0.0,0.0,0.0,0.0,0.0,4.3,0.0,0.0,0.0,0.0,0.0,0.0,0.0,0.0,0.0,0.0,0.0,0.0,0.0,0.0,0.0,0.0,0.0,0.0,0.0,0.0,0.0,0.0,0.0,0.0,0.0,0.0,0.0,0.0,0.0,0.0,0.0,0.0,0.0,0.0,0.0,0.0,0.0,0.0,0.0,0.0,0.0,0.0,0.0,0.0,0.0,0.0,0.0,0.0,0.0,0.0,0.0,0.0,0.0,0.0,0.0,0.0,0.0,0.0,0.0,0.0,0.0,0.0,0.0,0.0,0.0,0.0,0.0,0.0,0.0,0.0,0.0,0.0,0.0,0.0,0.0,0.0,0.0,0.0,0.0,0.0,0.0,0.0,0.0,0.0,0.0,0.0,0.0,0.0,0.0,0.0,0.0,0.0,0.0,0.0
4,0.0,0.0,0.0,0.0,0.0,0.0,0.0,0.0,0.0,0.0,0.0,0.0,0.0,0.0,0.0,0.0,0.0,0.0,0.0,0.0,0.0,0.0,0.0,0.0,0.0,0.0,0.0,0.0,0.0,0.0,0.0,0.0,0.0,0.0,0.0,0.0,0.0,0.0,0.0,0.0,0.0,0.0,0.0,0.0,0.0,0.0,0.0,0.0,0.0,0.0,0.0,0.0,0.0,0.0,0.0,0.0,0.0,0.0,0.0,0.0,0.0,0.0,0.0,0.0,0.0,0.0,0.0,0.0,0.0,0.0,0.0,0.0,-0.2,-0.2,-0.2,-0.2,0.0,-0.2,0.0,0.0,323.20000000000005,-0.2,-0.2,-0.2,-0.2,-0.2,-0.2,-0.2,-0.2,-0.2,-0.2,-0.2,0.0,-0.2,-0.2,0.0,0.0,0.0,0.0,0.0,0.0,0.0,0.0,0.0,0.0,0.0,0.0,0.0,0.0,0.0,0.0,0.0,0.0,0.0,0.0,0.0,0.0,0.0,0.0,0.0,0.0,0.0,0.0,0.0,0.0,0.0,0.0,0.0,0.0,0.0,0.0,0.0,0.0,0.0,0.0,0.0,0.0,0.0,0.0,0.0,0.0,0.0,0.0,0.0,0.0,0.0,0.0,0.0,0.0,0.0,0.0,0.0,0.0,0.0,0.0,0.0,0.0,0.0,0.0,426.40000000000003,0.0,0.0,0.0,0.0,0.0,0.0,0.0,0.0,0.0,0.0,0.0,0.0,0.0,0.0,0.0,0.0,0.0,0.0,0.0,0.0,0.0,0.0,0.0,0.0,0.0,0.0,0.0,0.0,-0.2,0.0,0.0,0.0,0.0,0.0,0.0,0.0,0.0,0.0,-0.2,0.0,0.0,0.0,-0.2,-0.2,-0.2,-0.2,0.0,0.0,-0.2,0.0,-0.3,-0.2,-0.2,-0.2,0.0,-0.2,0.0,0.0,-0.2,-0.2,-0.2,-0.2,0.0,-0.2,-0.2,-0.2,0.0,-0.2,0.0,0.0,-0.2,0.0,0.0,-0.2,-0.3,-0.2,-0.2,0.0,-0.2,0.0,0.0,0.0,-0.2,-0.2,-0.2,0.0,0.0,0.0,-0.3,-0.2,0.0,0.0,-0.2,0.0,-0.2,0.0,0.0,-0.3,0.0,0.0,0.0,0.0,0.0,0.0,0.0,0.0,0.0,0.0,0.0,0.0,0.0,0.0,0.0,0.0,0.0,0.0,0.0,0.0,0.0,0.0,0.0,0.0,0.0,0.0,0.0,0.0,0.0,0.0,0.0,0.0,0.0,0.0,0.0,0.0,0.0,0.0,0.0,0.0,0.0,0.0,0.0,0.0,0.0,0.0,0.0,0.0,0.0,0.0,0.0,0.0,0.0,0.0,0.0,0.0,0.0,0.0,0.0,0.0,0.0,0.0,0.0,0.0,0.0,0.0,0.0,0.0,0.0,0.0,0.0,0.0,0.0,0.0,0.0,0.0,0.0,0.0,0.0,0.0,0.0,0.0,0.0,0.0,0.0,0.0,0.0,0.0,0.0,0.0,0.0,0.0,0.0,0.0,0.0,0.0,0.0,0.0,0.0,0.0,0.0,0.0,0.0,0.0,0.0,0.0,0.0,0.0,0.0,0.0,0.0,0.0,0.0,0.0,0.0,0.0,0.0,0.0,0.0,0.0,0.0,0.0,0.0,0.0,0.0,0.0,0.0,5.9,0.0,0.0,0.0,0.0,0.0,0.0,0.0,0.0,0.0,0.0,0.0,0.0,0.0,0.0,-1.5,-1.5,0.0,0.0,0.0,0.0,0.0,0.0,0.0,0.0,0.0,0.0,0.0,0.0,0.0,0.0,0.0,0.0,0.0,0.0,0.0,0.0,0.0,0.0,0.0,0.0,0.0,0.0,0.0,0.0,0.0,0.0,0.0,0.0,0.0,0.0,0.0,0.0,0.0,0.0,0.0,0.0,0.0,0.0,0.0,0.0,0.0,0.0,0.0,0.0,0.0,0.0,0.0,0.0,0.0,0.0,0.0,0.0,0.0,0.0,0.0,0.0,0.0,0.0,0.0,0.0,0.0,0.0,0.0,0.0,0.0,0.0,0.0,0.0,0.0,0.0,0.0,0.0,0.0,0.0,0.0,0.0,0.0,0.0,0.0,0.0,0.0,0.0,0.0,0.0,0.0,0.0,0.0,0.0,0.0,0.0,0.0,0.0,0.0,0.0,0.0,0.0,0.0,0.0,0.0,0.0,0.0,0.0,0.0,0.0,0.0,0.0,0.0,0.0,0.0,0.0,0.0,0.0,0.0,0.0,0.0,0.0,0.0,0.0,0.0,0.0,0.0,0.0,0.0,0.0,0.0,0.0,0.0,0.0,0.0,0.0,0.0,0.0,0.0,0.0,0.0,0.0,0.0,0.0,0.0,0.0,0.0,0.0,0.0,0.0,0.0,0.0,0.0,0.0,0.0,0.0,0.0,0.0,0.0,0.0,0.0,0.0,0.0,0.0,0.0,0.0,0.0,155.6,0.0,0.0,0.0,0.0,0.0,0.0,0.0,0.0,0.0,0.0,0.0,0.0,0.0,0.0,0.0,0.0,0.0,0.0,0.0,0.0,0.0,0.0,0.0,0.0,0.0,0.0,0.0,0.0,0.0,0.0,0.0,0.0,0.0,0.0,0.0,0.0,0.0,0.0,0.0,0.0,0.0,0.0,0.0,0.0,0.0,0.0,0.0,0.0,0.0,0.0,0.0,0.0,0.0,0.0,0.0,0.0,0.0,0.0,0.0,0.0,0.0,0.0,0.0,0.0,0.0,0.0,0.0,0.0,0.0,0.0,0.0,0.0,0.0,0.0,0.0,0.0,0.0,0.0,0.0,0.0,0.0,0.0,0.0,0.0,0.0,0.0,0.0,0.0,0.0,0.0,0.0,4.3,0.0,0.0,0.0,0.0,0.0,0.0,0.0,0.0,0.0,0.0,0.0,0.0,0.0,0.0,0.0,0.0,0.0,0.0,0.0,0.0,0.0,0.0,0.0,0.0,0.0,0.0,0.0,0.0,0.0,0.0,0.0,0.0,0.0,0.0,0.0,0.0,0.0,0.0,0.0,0.0,0.0,0.0,0.0,0.0,0.0,0.0,0.0,0.0,0.0,0.0,0.0,0.0,0.0,0.0,0.0,0.0,0.0,0.0,0.0,0.0,0.0,0.0,0.0,0.0,0.0,0.0,0.0,0.0,0.0,0.0,0.0,0.0,0.0,0.0,0.0,0.0,0.0,0.0,0.0,0.0,0.0,0.0,0.0,0.0,0.0,0.0,0.0,0.0,0.0,0.0,0.0,0.0,0.0,0.0
5,0.0,0.0,0.0,0.0,0.0,0.0,0.0,0.0,0.0,0.0,0.0,0.0,0.0,0.0,0.0,0.0,0.0,0.0,0.0,0.0,0.0,0.0,0.0,0.0,0.0,0.0,0.0,0.0,0.0,0.0,0.0,0.0,0.0,0.0,0.0,0.0,0.0,0.0,0.0,0.0,0.0,0.0,0.0,0.0,0.0,0.0,0.0,0.0,0.0,0.0,0.0,0.0,0.0,0.0,0.0,0.0,0.0,0.0,0.0,0.0,0.0,0.0,0.0,0.0,0.0,0.0,0.0,0.0,0.0,0.0,0.0,0.0,0.0,-0.2,-0.2,-0.2,0.0,-0.2,0.0,0.0,323.20000000000005,-0.2,-0.2,0.0,-0.2,-0.2,-0.2,0.0,-0.2,-0.2,-0.2,-0.2,0.0,-0.2,-0.2,0.0,0.0,0.0,0.0,0.0,0.0,0.0,0.0,0.0,0.0,0.0,0.0,0.0,0.0,0.0,0.0,0.0,0.0,0.0,0.0,0.0,0.0,0.0,0.0,0.0,0.0,0.0,0.0,0.0,0.0,0.0,0.0,0.0,0.0,0.0,0.0,0.0,0.0,0.0,0.0,0.0,0.0,0.0,0.0,0.0,0.0,0.0,0.0,0.0,0.0,0.0,0.0,0.0,0.0,0.0,0.0,0.0,0.0,0.0,0.0,0.0,0.0,0.0,0.0,426.40000000000003,0.0,0.0,0.0,0.0,0.0,0.0,0.0,0.0,0.0,0.0,0.0,0.0,0.0,0.0,0.0,0.0,0.0,0.0,0.0,0.0,0.0,0.0,0.0,0.0,0.0,0.0,0.0,0.0,-0.3,0.0,0.0,0.0,0.0,0.0,0.0,0.0,0.0,0.0,-0.2,0.0,0.0,0.0,-0.2,-0.2,-0.2,-0.2,0.0,0.0,-0.3,0.0,-0.3,-0.2,-0.2,-0.2,0.0,-0.2,0.0,0.0,-0.2,-0.2,-0.2,-0.2,0.0,-0.2,-0.2,-0.2,0.0,-0.2,0.0,0.0,-0.2,0.0,0.0,-0.2,-0.3,-0.2,-0.3,0.0,-0.2,0.0,0.0,0.0,-0.2,-0.2,-0.2,0.0,0.0,0.0,-0.2,-0.2,0.0,0.0,-0.2,0.0,-0.3,0.0,0.0,-0.2,0.0,0.0,0.0,0.0,0.0,0.0,0.0,0.0,0.0,0.0,0.0,0.0,0.0,0.0,0.0,0.0,0.0,0.0,0.0,0.0,0.0,0.0,0.0,0.0,0.0,0.0,0.0,0.0,0.0,0.0,0.0,0.0,0.0,0.0,0.0,0.0,0.0,0.0,0.0,0.0,0.0,0.0,0.0,0.0,0.0,0.0,0.0,0.0,0.0,0.0,0.0,0.0,0.0,0.0,0.0,0.0,0.0,0.0,0.0,0.0,0.0,0.0,0.0,0.0,0.0,0.0,0.0,0.0,0.0,0.0,0.0,0.0,0.0,0.0,0.0,0.0,0.0,0.0,0.0,0.0,0.0,0.0,0.0,0.0,0.0,0.0,0.0,0.0,0.0,0.0,0.0,0.0,0.0,0.0,0.0,0.0,0.0,0.0,0.0,0.0,0.0,0.0,0.0,0.0,0.0,0.0,0.0,0.0,0.0,0.0,0.0,0.0,0.0,0.0,0.0,0.0,0.0,0.0,0.0,0.0,0.0,0.0,0.0,0.0,0.0,0.0,0.0,5.9,0.0,0.0,0.0,0.0,0.0,0.0,0.0,0.0,0.0,0.0,0.0,0.0,0.0,0.0,-1.5,-1.5,0.0,0.0,0.0,0.0,0.0,0.0,0.0,0.0,0.0,0.0,0.0,0.0,0.0,0.0,0.0,0.0,0.0,0.0,0.0,0.0,0.0,0.0,0.0,0.0,0.0,0.0,0.0,0.0,0.0,0.0,0.0,0.0,0.0,0.0,0.0,0.0,0.0,0.0,0.0,0.0,0.0,0.0,0.0,0.0,0.0,0.0,0.0,0.0,0.0,0.0,0.0,0.0,0.0,0.0,0.0,0.0,0.0,0.0,0.0,0.0,0.0,0.0,0.0,0.0,0.0,0.0,0.0,0.0,0.0,0.0,0.0,0.0,0.0,0.0,0.0,0.0,0.0,0.0,0.0,0.0,0.0,0.0,0.0,0.0,0.0,0.0,0.0,0.0,0.0,0.0,0.0,0.0,0.0,0.0,0.0,0.0,0.0,0.0,0.0,0.0,0.0,0.0,0.0,0.0,0.0,0.0,0.0,0.0,0.0,0.0,0.0,0.0,0.0,0.0,0.0,0.0,0.0,0.0,0.0,0.0,0.0,0.0,0.0,0.0,0.0,0.0,0.0,0.0,0.0,0.0,0.0,0.0,0.0,0.0,0.0,0.0,0.0,0.0,0.0,0.0,0.0,0.0,0.0,0.0,0.0,0.0,0.0,0.0,0.0,0.0,0.0,0.0,0.0,0.0,0.0,0.0,0.0,0.0,0.0,0.0,0.0,0.0,0.0,0.0,0.0,155.6,0.0,0.0,0.0,0.0,0.0,0.0,0.0,0.0,0.0,0.0,0.0,0.0,0.0,0.0,0.0,0.0,0.0,0.0,0.0,0.0,0.0,0.0,0.0,0.0,0.0,0.0,0.0,0.0,0.0,0.0,0.0,0.0,0.0,0.0,0.0,0.0,0.0,0.0,0.0,0.0,0.0,0.0,0.0,0.0,0.0,0.0,0.0,0.0,0.0,0.0,0.0,0.0,0.0,0.0,0.0,0.0,0.0,0.0,0.0,0.0,0.0,0.0,0.0,0.0,0.0,0.0,0.0,0.0,0.0,0.0,0.0,0.0,0.0,0.0,0.0,0.0,0.0,0.0,0.0,0.0,0.0,0.0,0.0,0.0,0.0,0.0,0.0,0.0,0.0,0.0,0.0,4.3,0.0,0.0,0.0,0.0,0.0,0.0,0.0,0.0,0.0,0.0,0.0,0.0,0.0,0.0,0.0,0.0,0.0,0.0,0.0,0.0,0.0,0.0,0.0,0.0,0.0,0.0,0.0,0.0,0.0,0.0,0.0,0.0,0.0,0.0,0.0,0.0,0.0,0.0,0.0,0.0,0.0,0.0,0.0,0.0,0.0,0.0,0.0,0.0,0.0,0.0,0.0,0.0,0.0,0.0,0.0,0.0,0.0,0.0,0.0,0.0,0.0,0.0,0.0,0.0,0.0,0.0,0.0,0.0,0.0,0.0,0.0,0.0,0.0,0.0,0.0,0.0,0.0,0.0,0.0,0.0,0.0,0.0,0.0,0.0,0.0,0.0,0.0,0.0,0.0,0.0,0.0,0.0,0.0,0.0
6,0.5,1.5,0.6,0.8,8.6,4.0,4.8999999999999995,7.6,7.1,5.500000000000001,-0.2,5.4,1.1,-0.2,24.799999999999994,7.499999999999999,1.5,0.4,0.30000000000000004,1.4,4.0,5.6,5.5,-0.1,0.7,-0.2,2.5,5.500000000000001,1.6,0.09999999999999998,0.5,16.2,0.0,1.4,11.599999999999998,1.5,0.6,2.9,0.8999999999999999,0.0,0.4,0.6,0.0,0.7999999999999999,-0.1,1.4,0.2,0.3,-0.1,0.0,1.1,-0.1,0.0,-0.2,-0.2,0.6,0.6,-0.1,0.0,0.0,-0.1,0.30000000000000004,0.0,-0.2,0.6,-0.1,0.0,-0.2,0.0,0.0,0.0,-0.1,-0.2,-0.1,0.0,0.0,0.0,-0.2,0.0,0.0,323.20000000000005,-0.2,0.1,-0.2,-0.2,-0.2,0.5,-0.2,-0.2,-0.2,-0.2,0.0,0.0,-0.2,-0.2,0.0,0.0,0.0,0.0,0.0,0.0,0.0,0.0,0.0,0.0,0.0,0.0,0.0,0.0,0.0,0.0,0.0,0.0,0.0,0.0,0.0,0.0,0.0,0.0,0.0,0.0,0.0,0.0,0.0,0.0,0.0,0.0,0.0,0.0,0.0,0.0,0.0,0.0,0.0,0.0,0.0,0.0,0.0,0.0,0.0,0.0,0.0,0.0,0.0,0.0,0.0,0.0,0.0,0.0,0.0,0.0,0.0,0.0,0.0,0.0,0.0,0.0,0.0,0.0,426.40000000000003,0.0,0.0,0.0,0.0,0.0,0.0,0.0,0.0,0.0,0.0,0.0,0.0,0.0,0.0,0.0,0.0,0.0,0.0,0.0,0.0,0.0,0.0,0.0,0.0,0.0,0.0,0.0,0.0,-0.3,0.0,0.0,0.0,0.0,0.0,0.0,0.0,0.0,0.0,-0.2,0.0,0.0,0.0,-0.2,-0.2,-0.2,-0.2,0.0,0.0,-0.3,0.0,-0.2,-0.2,-0.2,-0.2,0.0,-0.2,0.0,0.0,-0.2,-0.2,-0.2,-0.2,0.0,-0.2,-0.2,-0.2,0.0,-0.2,0.0,0.0,-0.2,0.0,0.0,-0.2,-0.3,-0.2,-0.2,0.0,-0.2,0.0,0.0,0.0,-0.2,-0.2,-0.2,0.0,0.0,0.0,-0.2,-0.2,0.0,0.0,-0.2,0.0,-0.2,0.0,0.0,-0.3,0.0,0.0,0.0,0.0,0.0,0.0,0.0,0.0,0.0,0.0,0.0,0.0,0.0,0.0,0.0,0.0,0.0,0.0,0.0,0.0,0.0,0.0,0.0,0.0,0.0,0.0,0.0,0.0,0.0,0.0,0.0,0.0,0.0,0.0,0.0,0.0,0.0,0.0,0.0,0.0,0.0,0.0,0.0,0.0,0.0,0.0,0.0,0.0,0.0,0.0,0.0,0.0,0.0,0.0,-0.1,0.0,0.0,0.0,-0.2,0.0,-0.1,-0.2,0.6,0.8,0.0,-0.30000000000000004,-0.1,-0.30000000000000004,0.49999999999999994,0.6,0.6,0.7000000000000001,0.8999999999999999,0.1,-0.4,1.0,3.0999999999999996,-0.5,1.8000000000000003,4.1,1.9,4.6,5.4,-0.2,3.4,4.5,7.000000000000001,8.9,-0.2,0.30000000000000004,0.8,12.799999999999999,3.0,0.0,-0.3,10.600000000000001,12.0,0.9999999999999999,0.6000000000000001,5.8999999999999995,1.9,11.3,10.5,9.5,1.4999999999999998,16.799999999999997,24.400000000000002,0.5,5.2,13.6,10.8,13.199999999999998,29.0,6.3999999999999995,22.3,3.2,13.8,2.2,7.0,2.0,5.5,4.3,1.0,12.0,0.7999999999999999,3.7,10.7,9.799999999999999,12.200000000000001,8.7,-0.09999999999999998,10.1,6.8,0.8999999999999999,12.700000000000001,11.9,3.4000000000000004,16.7,1.4,4.5,-0.30000000000000004,-0.4,-1.6,2.8,-0.10000000000000009,0.5,0.3,9.4,9.0,5.4,2.5,4.700000000000001,4.5,1.6,1.1,0.3,2.4,1.2999999999999998,0.7999999999999998,4.2,8.6,1.7,3.9000000000000004,3.4000000000000004,1.5999999999999999,6.3999999999999995,2.2,-0.30000000000000004,-0.1,1.2,1.2,1.7,1.9000000000000001,-0.1,0.19999999999999998,0.8,-0.30000000000000004,0.9999999999999999,-0.1,0.0,-0.30000000000000004,-0.10000000000000003,-0.1,0.7000000000000001,-0.30000000000000004,0.0,0.0,-0.30000000000000004,0.0,0.0,0.0,-0.2,-0.1,-0.1,0.0,0.0,0.0,0.0,0.0,0.0,0.0,0.0,0.0,0.0,0.0,-0.1,0.0,0.0,0.0,0.0,0.0,0.0,0.0,0.0,0.0,0.0,0.0,0.0,0.0,0.0,0.0,0.0,0.0,0.0,0.0,0.0,0.0,0.0,0.0,0.0,0.0,0.0,0.0,0.0,0.0,0.0,0.0,0.0,0.0,0.0,0.0,0.0,0.0,0.0,0.0,0.0,0.0,0.0,0.0,0.0,0.0,0.0,0.0,0.0,0.0,0.0,0.0,0.0,0.0,0.0,0.0,0.0,0.0,0.0,0.0,0.0,0.0,0.0,0.0,0.0,0.0,0.0,0.0,0.0,0.0,0.0,0.0,0.0,0.0,0.0,0.0,0.0,0.0,0.0,0.0,0.0,0.0,0.0,0.0,0.0,0.0,0.0,0.0,0.0,0.0,0.0,0.0,0.0,0.0,0.0,0.0,0.0,0.0,0.0,0.0,0.0,0.0,0.0,0.0,155.6,0.0,0.0,0.0,0.0,0.0,0.0,0.0,0.0,0.0,0.0,0.0,0.0,0.0,0.0,0.0,0.0,0.0,0.0,0.0,0.0,0.0,0.0,0.0,0.0,0.0,0.0,0.0,0.0,0.0,0.0,0.0,0.0,0.0,0.0,0.0,0.0,0.0,0.0,0.0,0.0,0.0,0.0,0.0,0.0,0.0,0.0,0.0,0.0,0.0,0.0,0.0,0.0,0.0,0.0,0.0,0.0,0.0,0.0,0.0,0.0,0.0,0.0,0.0,0.0,0.0,0.0,0.0,0.0,0.0,0.0,0.0,0.0,0.0,0.0,0.0,0.0,0.0,0.0,0.0,0.0,0.0,0.0,0.0,0.0,0.0,0.0,0.0,0.0,0.0,0.0,0.0,4.3,0.0,0.0,0.0,0.0,0.0,0.0,0.0,0.0,0.0,0.0,0.0,0.0,0.0,0.0,-0.1,0.0,0.0,0.0,0.0,-0.1,0.5,0.8999999999999999,-0.1,0.8,0.8999999999999999,0.1,1.0,-0.5,-0.1,1.0999999999999999,0.0,1.6,1.5,0.1,0.7,3.3,3.9,2.6000000000000005,3.8,3.1,2.8000000000000003,2.3,0.8,0.19999999999999998,4.0,1.3000000000000003,2.5,0.4,6.599999999999999,6.7,2.4,8.700000000000001,8.8,9.499999999999998,2.9,9.500000000000002,3.5,19.0,9.9,13.199999999999998,16.3,9.999999999999998,24.299999999999997,14.899999999999999,1.8,10.8,10.6,11.0,16.5,20.0,1.9,5.299999999999999,3.3000000000000003,4.8999999999999995,15.299999999999997,31.400000000000002,5.0,13.7,14.7,1.1,4.5,17.9,5.6000000000000005,13.3,1.3,13.2,13.1,13.200000000000001,5.9,-0.30000000000000004,0.9,0.3,0.6000000000000001,2.6999999999999997
7,90.39999999999999,59.599999999999994,42.9,41.3,78.20000000000002,64.7,71.7,63.60000000000001,57.59999999999999,56.0,6.1,41.2,35.39999999999999,-1.2999999999999998,81.3,58.400000000000006,73.7,3.0,62.199999999999996,23.5,62.2,50.99999999999999,97.2,35.4,19.1,4.6,68.30000000000001,59.4,39.5,3.3,32.2,98.4,8.4,39.39999999999999,46.1,20.799999999999997,75.7,58.39999999999999,61.39999999999999,4.8,37.9,5.0,-0.2,31.6,9.299999999999999,43.9,29.300000000000004,31.199999999999996,0.5999999999999999,-0.2,28.1,1.7000000000000002,1.2999999999999998,1.7,23.599999999999998,8.6,51.699999999999996,0.7,0.09999999999999987,-0.09999999999999998,49.9,58.1,50.0,21.400000000000002,80.2,29.400000000000002,3.5999999999999996,3.3,0.0,1.4,25.300000000000004,-0.10000000000000009,-0.5,0.8999999999999999,28.300000000000004,26.099999999999998,34.1,46.3,5.4,25.0,323.20000000000005,8.499999999999998,7.000000000000001,40.7,33.699999999999996,18.0,76.60000000000001,23.6,31.9,3.3999999999999995,28.6,24.799999999999997,9.899999999999999,0.0,-0.3,32.9,6.5,10.499999999999998,0.7,14.899999999999999,1.2,31.6,0.7,5.1000000000000005,1.5,6.4,17.4,2.6000000000000005,0.7,9.000000000000002,14.2,4.7,19.3,5.3,2.4,1.6,6.200000000000001,3.5999999999999996,5.800000000000001,5.700000000000001,11.1,1.8000000000000003,6.3,4.0,0.5,0.3,2.5,3.1999999999999997,6.199999999999999,2.0,2.3,3.9999999999999996,1.7,2.0999999999999996,0.4,1.9000000000000001,0.29999999999999993,0.6,2.3,1.8,0.3,1.2000000000000002,0.5,-0.2,0.7,0.09999999999999992,-0.10000000000000003,-0.5,0.0,-0.1,-0.7,0.4,-0.2,0.0,0.0,0.7999999999999999,0.4,-0.2,0.0,426.40000000000003,-0.1,0.0,-0.1,0.19999999999999998,0.1,0.1,0.0,0.0,0.0,0.0,0.0,0.0,0.0,0.0,0.0,0.0,0.0,0.0,0.0,0.0,0.0,0.0,0.0,0.0,0.0,0.0,0.0,0.0,-0.2,0.0,0.0,0.0,0.0,0.0,0.0,0.0,0.0,0.0,0.0,0.0,0.0,0.0,-0.2,-0.2,-0.2,-0.2,0.0,0.0,-0.2,0.0,-0.2,-0.2,-0.2,-0.2,0.0,-0.3,0.0,0.0,-0.2,0.0,0.0,-0.2,0.0,-0.2,0.0,0.0,0.0,-0.2,0.0,0.0,-0.2,0.0,0.0,-0.2,-0.2,-0.2,-0.3,0.0,-0.2,0.0,0.0,0.0,-0.2,-0.2,-0.2,0.0,0.0,0.0,0.0,-0.2,0.0,0.0,-0.2,0.0,-0.3,0.0,0.0,-0.2,0.0,0.0,0.0,0.0,0.0,0.0,0.0,0.0,0.0,0.0,0.0,0.1,0.0,0.0,0.0,0.1,-0.2,0.0,0.1,0.0,0.0,0.1,0.10000000000000003,-0.19999999999999998,0.0,1.4,1.1,5.0,0.5,4.200000000000001,4.7,3.2,-0.5,2.4,6.5,8.1,5.1000000000000005,10.7,25.700000000000003,10.2,0.0,9.1,14.300000000000002,19.599999999999998,14.600000000000001,17.3,4.8,0.5,28.4,20.4,30.599999999999998,25.200000000000003,32.0,33.0,38.599999999999994,8.1,1.2000000000000002,33.6,48.9,3.2,50.5,38.9,38.2,47.400000000000006,51.80000000000001,27.1,40.50000000000001,77.7,37.9,57.7,76.7,48.8,64.3,11.500000000000002,5.551115123125783e-17,51.2,48.300000000000004,12.0,59.50000000000001,50.0,56.80000000000001,63.30000000000001,56.5,19.8,57.10000000000001,53.60000000000001,59.900000000000006,81.8,5.2,2.5,8.9,30.2,78.0,6.800000000000001,34.900000000000006,70.1,74.00000000000001,67.4,8.7,44.199999999999996,11.7,68.2,61.6,69.8,82.60000000000001,75.6,77.09999999999998,10.799999999999999,79.19999999999999,86.10000000000001,69.19999999999999,71.10000000000001,64.4,59.49999999999999,66.0,30.6,86.30000000000001,12.000000000000002,51.8,17.4,77.39999999999999,40.20000000000001,5.3999999999999995,73.39999999999999,64.30000000000001,102.1,82.2,70.10000000000001,100.59999999999998,31.999999999999993,5.000000000000001,66.89999999999999,37.699999999999996,21.400000000000002,43.199999999999996,84.5,61.5,70.49999999999999,13.200000000000001,17.5,-0.4,2.8,8.100000000000001,7.1,82.69999999999999,16.099999999999998,22.900000000000002,62.2,98.8,55.1,41.8,59.2,48.39999999999999,14.5,45.8,58.699999999999996,39.099999999999994,66.2,68.30000000000001,63.3,63.2,29.4,47.39999999999999,45.39999999999999,38.5,17.3,78.9,33.2,4.3,40.300000000000004,55.400000000000006,36.89999999999999,34.800000000000004,19.2,29.1,46.2,41.5,29.200000000000006,30.0,20.0,47.599999999999994,29.0,7.499999999999999,41.39999999999999,59.99999999999999,38.5,2.7755575615628914e-17,75.8,2.5,0.0,5.0,25.000000000000004,3.5999999999999996,10.1,-0.2,12.7,10.5,10.6,20.099999999999998,4.699999999999999,26.8,24.399999999999995,3.5000000000000004,1.1,35.400000000000006,33.2,1.2000000000000002,11.8,12.2,23.3,18.799999999999997,15.5,35.900000000000006,11.9,30.8,16.5,13.0,6.4,6.6,9.599999999999998,30.3,39.50000000000001,14.0,9.000000000000002,5.4,5.3999999999999995,7.6000000000000005,4.1,10.0,11.4,35.50000000000001,7.7,7.0,8.5,5.0,15.1,7.3,1.7,-0.30000000000000004,1.9,2.0,5.300000000000001,1.3,5.3,4.4,0.6,1.8000000000000003,2.6,3.0,3.0999999999999996,4.2,1.2,3.0,1.2000000000000002,1.4000000000000001,4.199999999999999,-0.20000000000000004,1.0,0.5000000000000001,0.9999999999999999,1.0,-0.30000000000000004,0.5,-0.2,0.19999999999999998,0.0,-0.1,0.0,-0.20000000000000004,-0.30000000000000004,0.0,-0.1,-0.1,0.1,-0.2,-0.1,-0.1,0.0,0.0,0.0,0.0,0.0,0.0,0.0,0.0,0.0,0.0,0.0,0.0,0.0,0.0,0.0,0.0,0.0,0.0,0.0,0.0,0.0,0.0,0.0,0.0,0.0,0.0,0.0,0.0,0.0,0.0,0.0,0.0,155.6,0.0,0.0,0.0,0.0,0.0,0.0,0.0,0.0,0.0,0.0,0.0,0.0,0.0,0.0,0.0,0.0,0.0,0.0,0.0,0.0,0.0,0.0,0.0,0.0,0.0,0.0,0.0,0.0,0.0,0.0,0.0,0.0,0.0,0.0,0.0,0.0,0.0,0.0,0.0,0.0,0.0,0.0,0.0,0.0,0.0,0.0,0.0,0.0,0.0,0.0,0.0,0.0,0.0,0.0,0.0,0.0,0.0,0.0,0.0,0.1,0.0,0.0,-0.1,-0.1,-0.1,-0.2,0.0,-0.1,0.4,-0.1,0.1,1.0,0.1,1.2,0.9999999999999999,1.2,-0.1,-0.1,0.1,0.19999999999999998,4.4,4.3,-0.1,1.2,0.0,1.4,9.6,11.7,1.2000000000000002,13.8,8.899999999999999,5.0,5.7,21.900000000000002,21.099999999999998,10.9,17.0,15.599999999999998,24.0,28.000000000000004,29.499999999999996,34.199999999999996,35.099999999999994,3.0,29.1,38.2,31.699999999999996,31.4,42.9,40.4,15.2,45.49999999999999,49.70000000000001,43.99999999999999,37.800000000000004,47.2,45.7,24.599999999999998,56.6,34.2,54.4,83.60000000000001,1.4,67.0,65.7,2.8000000000000003,63.8,62.0,102.0,63.29999999999999,61.69999999999999,58.8,60.99999999999999,71.69999999999999,76.0,36.5,71.0,56.5,73.8,19.099999999999998,62.9,102.99999999999999,64.9,69.9,71.19999999999999,66.7,33.400000000000006,72.6,59.39999999999999,87.9,68.1,75.3,76.7,67.80000000000001,120.5,70.8,1.1,66.8,74.8,96.7,78.69999999999999,88.19999999999999,8.5,44.0,26.299999999999997,22.9,78.6,83.60000000000001,86.1,87.89999999999999,32.7,35.7,1.5,55.1,64.6,85.5,32.8,76.4,70.3,81.80000000000001,58.9,5.0,5.6000000000000005,1.9,52.2,38.6
8,161.3,218.1,56.4,122.39999999999998,120.5,142.1,133.79999999999998,170.29999999999998,172.89999999999998,144.60000000000002,91.7,115.69999999999999,65.3,-1.9999999999999998,177.59999999999997,144.3,180.8,18.1,99.3,43.199999999999996,174.7,166.20000000000002,181.39999999999998,21.399999999999995,60.30000000000001,50.0,92.60000000000001,163.8,72.9,52.800000000000004,174.2,163.40000000000003,18.8,64.4,61.900000000000006,95.70000000000002,168.20000000000002,159.6,145.79999999999998,69.10000000000001,72.7,80.39999999999999,1.0,36.1,44.50000000000001,117.19999999999999,156.5,100.4,4.9,33.599999999999994,77.9,39.300000000000004,6.1,16.7,54.4,62.5,108.1,58.7,2.0999999999999996,39.8,48.599999999999994,112.5,100.70000000000002,47.800000000000004,141.7,78.8,1.0,24.3,-0.19999999999999996,58.599999999999994,99.3,105.7,15.399999999999999,48.89999999999999,120.00000000000001,89.59999999999998,74.0,73.60000000000001,106.0,133.6,323.20000000000005,45.1,86.6,93.6,97.2,116.0,128.40000000000003,147.70000000000002,68.6,39.5,88.10000000000001,104.3,111.9,1.7999999999999998,32.0,108.70000000000002,42.00000000000001,34.400000000000006,19.9,95.19999999999999,64.89999999999999,50.99999999999999,29.900000000000006,68.4,5.4,88.60000000000001,114.4,28.300000000000004,40.0,73.89999999999999,76.9,53.800000000000004,112.30000000000001,31.2,71.2,56.5,101.0,98.70000000000002,99.8,87.7,131.2,75.10000000000001,53.10000000000001,94.89999999999999,93.6,21.0,96.9,101.5,58.1,91.10000000000002,96.4,104.6,46.3,47.9,59.1,13.0,70.7,31.700000000000003,82.5,82.4,53.0,79.1,46.6,13.399999999999999,61.599999999999994,69.70000000000002,55.99999999999999,57.1,38.900000000000006,3.3,54.8,48.2,52.1,1.1102230246251565e-16,25.400000000000002,48.400000000000006,44.39999999999999,28.5,0.5999999999999996,426.40000000000003,36.099999999999994,36.5,34.5,34.2,31.400000000000002,16.6,15.099999999999998,1.7000000000000006,16.099999999999998,0.09999999999999998,5.551115123125783e-17,27.299999999999997,0.2999999999999998,-0.49999999999999994,1.9,19.999999999999996,3.0999999999999996,14.499999999999996,-0.3000000000000001,4.699999999999999,20.5,15.5,6.900000000000001,13.099999999999996,30.000000000000007,12.000000000000004,12.900000000000002,-0.1,4.199999999999999,9.6,0.6,7.5,8.7,4.6,16.799999999999997,16.599999999999998,3.1,6.3999999999999995,7.1000000000000005,2.6,6.3,4.5,0.7,2.1999999999999997,0.8999999999999999,0.8,9.3,1.1999999999999997,0.6,4.5,-0.2,-0.3,-0.4,-0.7000000000000001,1.1,3.7,3.9000000000000004,1.0,-0.4,-0.5,-0.5,1.5,3.4000000000000004,-0.5,3.3,2.5,1.0999999999999999,0.6000000000000001,3.3000000000000003,0.0,5.5,5.6,5.500000000000001,-0.1,1.4,6.1,9.3,-0.1,6.8999999999999995,4.5,0.8999999999999999,4.8,9.0,-0.4,13.5,4.2,8.7,14.3,7.9,13.5,19.7,21.400000000000002,23.1,17.5,2.0,26.299999999999997,24.6,-0.30000000000000004,30.6,0.5,0.4,33.6,34.0,38.0,39.300000000000004,27.7,5.000000000000001,2.0,63.199999999999996,60.599999999999994,13.9,1.0,1.8,72.6,12.500000000000002,62.3,64.8,10.5,23.4,70.89999999999999,79.9,59.70000000000001,4.6,87.90000000000002,89.89999999999999,110.8,89.69999999999999,94.90000000000002,96.19999999999999,62.50000000000001,0.5999999999999999,85.7,140.2,105.99999999999997,100.39999999999999,111.50000000000001,113.3,85.50000000000001,18.4,92.19999999999999,70.19999999999999,120.50000000000001,102.99999999999999,117.39999999999999,25.8,10.5,130.5,110.6,144.2,136.4,153.29999999999998,149.10000000000002,129.39999999999998,30.799999999999997,69.0,121.1,168.1,19.8,156.6,168.7,179.10000000000002,170.3,132.4,136.7,108.19999999999997,193.89999999999998,174.39999999999998,109.80000000000001,74.30000000000001,189.70000000000002,101.29999999999998,143.40000000000003,42.6,20.0,190.1,129.2,201.9,205.5,171.00000000000003,189.89999999999998,214.5,92.8,109.4,239.00000000000003,188.1,197.1,19.099999999999998,130.5,42.6,97.30000000000001,183.79999999999998,61.00000000000001,24.400000000000002,196.00000000000003,271.2,139.9,48.79999999999999,201.79999999999998,14.3,208.69999999999996,209.4,207.10000000000002,179.39999999999998,269.50000000000006,122.50000000000001,23.5,197.50000000000003,78.8,185.0,180.0,196.60000000000002,194.6,215.2,39.7,208.39999999999998,147.5,180.2,44.9,261.99999999999994,176.5,54.199999999999996,152.29999999999998,73.49999999999999,153.70000000000002,190.20000000000002,112.7,174.8,204.2,132.6,198.19999999999996,215.99999999999997,51.60000000000001,135.1,120.0,166.0,127.20000000000002,17.9,32.2,1.1,42.9,45.9,148.8,113.39999999999999,49.199999999999996,46.00000000000001,169.70000000000002,151.9,200.10000000000002,181.1,183.29999999999998,156.0,65.1,106.8,185.5,184.5,222.60000000000002,164.10000000000002,138.59999999999997,260.4,176.30000000000004,169.4,162.3,164.3,76.5,226.59999999999997,246.59999999999997,25.1,157.2,115.00000000000003,160.40000000000003,170.3,94.60000000000001,161.2,170.40000000000003,122.3,143.5,78.89999999999998,54.7,136.7,154.9,57.800000000000004,91.4,212.0,159.5,29.7,84.7,19.699999999999996,-0.2,44.0,197.6,10.4,138.5,12.9,101.19999999999999,39.2,3.5999999999999996,66.19999999999999,61.5,135.09999999999997,55.4,20.699999999999996,20.999999999999996,133.5,185.20000000000002,23.599999999999998,49.5,65.2,93.69999999999999,58.4,55.9,93.1,75.9,134.7,140.49999999999997,140.10000000000002,36.9,136.9,120.3,91.0,114.10000000000001,87.10000000000001,76.60000000000001,95.5,51.199999999999996,130.9,59.0,123.20000000000002,128.60000000000002,146.0,124.39999999999999,84.89999999999999,118.80000000000001,51.49999999999999,126.89999999999999,114.8,5.8999999999999995,2.3,65.0,168.70000000000002,158.49999999999997,49.099999999999994,129.6,126.5,38.5,110.39999999999999,151.9,113.60000000000001,112.0,110.19999999999999,104.49999999999999,106.10000000000001,85.0,104.1,43.3,72.99999999999999,87.10000000000001,54.00000000000001,111.4,87.6,71.69999999999999,86.8,76.5,75.19999999999999,1.1,8.8,-0.10000000000000014,73.3,49.1,19.7,45.5,53.199999999999996,55.300000000000004,54.199999999999996,50.70000000000001,24.999999999999996,4.5,20.099999999999998,35.7,7.3,40.99999999999999,14.1,46.099999999999994,46.5,45.599999999999994,40.9,-0.4,8.6,1.6,31.099999999999998,8.7,38.4,25.3,30.89999999999999,24.599999999999994,41.0,2.5,4.699999999999999,2.7,17.8,5.0,1.2000000000000002,-0.30000000000000004,2.9,-0.1,5.0,6.7,5.499999999999999,155.6,-0.2,14.0,6.5,3.6,4.0,5.4,-0.2,4.300000000000001,0.9,3.9,4.3,0.8,4.9,6.1000000000000005,8.9,1.0,3.9,-0.1,0.7,1.1,1.1,7.1,-0.2,5.3,4.8,6.6000000000000005,5.199999999999999,7.000000000000001,3.0999999999999996,7.6,4.499999999999999,0.7,5.000000000000001,20.4,8.600000000000001,6.6,10.200000000000001,18.8,2.0,10.6,23.6,21.099999999999998,0.4,2.2,16.4,30.000000000000004,37.3,28.700000000000003,36.300000000000004,24.3,26.7,32.2,3.5,0.19999999999999998,0.7000000000000001,71.20000000000002,43.699999999999996,1.2999999999999998,37.2,59.400000000000006,43.49999999999999,102.39999999999999,72.1,43.400000000000006,62.50000000000001,78.5,0.7,73.49999999999999,85.3,36.4,67.5,78.89999999999999,61.4,87.39999999999999,86.5,106.8,3.6000000000000005,18.799999999999997,0.7,4.6,103.10000000000002,100.6,3.5,3.9,0.7999999999999999,35.4,117.59999999999998,118.3,18.0,88.50000000000001,93.1,5.599999999999999,118.60000000000001,145.7,142.9,54.900000000000006,78.19999999999999,152.9,161.19999999999996,156.79999999999998,158.4,188.0,146.89999999999998,145.99999999999997,170.6,155.3,170.6,161.39999999999998,102.19999999999999,51.400000000000006,65.0,180.9,176.3,194.60000000000002,127.30000000000001,190.50000000000003,196.7,55.5,189.49999999999997,158.2,184.1,162.39999999999998,1.2,215.5,193.3,29.9,125.6,218.9,203.79999999999998,227.6,217.5,219.99999999999997,212.1,193.50000000000003,207.60000000000002,127.80000000000003,139.39999999999998,157.8,143.2,57.400000000000006,222.1,234.0,209.9,214.2,202.29999999999998,152.9,130.5,177.9,208.80000000000004,213.29999999999998,215.2,209.20000000000002,217.0,218.5,169.4,226.0,57.199999999999996,233.70000000000002,161.7,211.2,221.5,210.10000000000002,39.8,119.7,192.79999999999998,118.50000000000001,212.39999999999998,223.50000000000003,166.2,210.6,97.99999999999999,69.6,18.499999999999996,220.90000000000003,125.59999999999998,116.80000000000001,111.70000000000002,210.3,178.50000000000003,201.2,217.5,86.1,46.199999999999996,27.3,51.199999999999996,57.7
9,180.8,340.6,117.9,240.2,302.9,224.7,213.40000000000003,302.40000000000003,316.4,324.2,153.3,284.7,192.99999999999997,25.1,364.8,308.2,237.3,4.5,212.70000000000005,334.40000000000003,320.7,303.3,375.0,45.70000000000001,43.4,156.5,163.99999999999997,305.3,89.49999999999999,88.10000000000001,226.7,168.39999999999998,68.8,109.9,125.4,152.0,163.7,253.89999999999998,274.29999999999995,192.70000000000005,128.1,48.4,11.9,116.0,105.1,213.60000000000002,181.69999999999996,110.5,60.0,60.099999999999994,280.6,59.0,23.5,18.9,78.10000000000001,127.89999999999998,131.20000000000002,198.59999999999997,-1.7999999999999998,78.9,69.7,296.7,208.2,96.2,174.9,167.60000000000002,0.9,11.6,2.0,214.5,158.3,84.0,91.3,146.5,153.3,268.8,190.4,302.40000000000003,203.9,279.2,323.20000000000005,155.4,100.50000000000001,121.9,245.5,246.39999999999998,185.2,87.2,48.699999999999996,58.2,227.29999999999998,242.39999999999998,259.09999999999997,31.4,207.8,246.80000000000004,108.69999999999999,64.5,27.1,173.9,9.9,76.7,45.2,147.7,29.700000000000003,164.9,242.79999999999995,58.599999999999994,38.6,92.7,232.10000000000002,115.49999999999999,266.2,72.8,119.8,121.5,250.50000000000003,271.59999999999997,252.49999999999997,200.60000000000002,253.20000000000005,229.5,193.3,192.29999999999998,149.1,64.0,257.00000000000006,252.09999999999997,243.5,243.39999999999998,253.2,256.0,220.3,65.69999999999999,204.5,67.2,183.1,88.69999999999999,213.39999999999998,219.20000000000002,214.69999999999996,219.09999999999997,74.0,36.400000000000006,74.9,174.70000000000002,174.50000000000003,173.5,112.4,73.60000000000002,181.49999999999994,162.4,154.7,26.600000000000005,49.7,156.59999999999997,164.4,163.3,6.300000000000001,426.40000000000003,150.6,136.4,137.29999999999998,133.20000000000005,122.69999999999999,124.40000000000003,123.6,34.800000000000004,50.400000000000006,0.8999999999999999,25.199999999999996,126.10000000000002,55.5,13.100000000000001,117.00000000000001,108.40000000000003,33.6,70.49999999999999,88.10000000000002,88.1,100.8,103.20000000000002,55.09999999999998,103.00000000000001,157.0,96.90000000000002,95.29999999999998,16.5,87.1,93.80000000000001,3.1999999999999993,57.4,112.30000000000001,103.4,135.89999999999998,129.5,84.1,124.8,70.8,149.0,143.0,86.9,68.60000000000001,90.8,8.200000000000001,129.0,137.4,46.3,38.9,68.8,0.1,0.7,0.29999999999999993,10.4,103.5,109.99999999999999,73.9,51.00000000000001,0.7,1.7,4.800000000000001,22.4,67.6,1.7000000000000002,93.40000000000002,66.1,65.2,36.900000000000006,128.99999999999997,-0.4,137.50000000000003,133.70000000000002,135.39999999999998,10.0,13.100000000000001,132.0,132.4,9.299999999999999,145.6,132.60000000000002,34.1,67.7,156.8,13.4,192.20000000000002,119.60000000000001,97.0,141.8,57.900000000000006,117.89999999999999,180.90000000000003,188.4,170.19999999999996,134.20000000000002,82.3,177.50000000000006,64.3,1.1,194.99999999999997,-0.30000000000000004,0.39999999999999997,170.9,166.90000000000003,198.3,180.9,226.0,68.9,5.699999999999999,177.4,137.00000000000003,99.10000000000001,8.799999999999999,70.2,215.6,68.80000000000001,258.0,163.3,132.9,90.7,222.70000000000002,260.9,124.4,42.5,258.3,226.0,219.5,224.20000000000005,273.20000000000005,281.3,206.70000000000002,48.3,126.0,342.5,272.79999999999995,249.3,295.20000000000005,218.00000000000003,65.30000000000001,27.700000000000003,199.6,167.4,284.7,425.69999999999993,295.4,33.7,149.2,347.0,118.69999999999999,325.19999999999993,344.1000000000001,377.2,316.99999999999994,323.40000000000003,88.2,35.7,352.7,360.49999999999994,244.09999999999997,341.7,331.1,365.2000000000001,349.59999999999997,385.1,229.29999999999998,364.9,362.7,337.8999999999999,317.3,277.70000000000005,359.5,330.99999999999994,342.0,84.9,56.300000000000004,354.79999999999995,78.2,313.8,380.00000000000006,289.4,343.8,349.3,198.4,170.09999999999997,310.00000000000006,342.40000000000003,300.3,33.4,20.9,85.60000000000001,160.4,376.20000000000005,52.1,120.29999999999998,358.1,386.80000000000007,191.70000000000002,14.1,232.5,27.099999999999994,363.29999999999995,365.29999999999995,345.9000000000001,342.09999999999997,342.5,288.0,56.1,261.40000000000003,206.1,332.69999999999993,343.40000000000003,339.59999999999997,353.3,329.7,218.09999999999997,196.3,185.7,277.20000000000005,39.8,394.4,308.7,108.00000000000001,211.5,279.59999999999997,363.29999999999995,335.8,187.79999999999995,267.8,337.2,349.0,356.8,349.59999999999997,158.8,191.10000000000002,379.1000000000001,185.89999999999998,110.80000000000001,108.59999999999998,73.89999999999999,9.000000000000002,35.0,89.99999999999999,157.0,296.2,191.7,207.40000000000003,167.60000000000002,132.5,350.6,286.5,365.8,187.5,126.7,139.2,221.09999999999997,381.1,400.0,333.00000000000006,238.3,440.7,348.59999999999997,328.4,341.69999999999993,341.6,222.59999999999997,375.3,102.2,89.10000000000001,308.7,312.1,322.20000000000005,384.1,303.79999999999995,327.6,97.8,312.9,326.0,109.19999999999999,49.69999999999999,332.9000000000001,326.9,345.99999999999994,413.50000000000006,267.0,326.29999999999995,4.0,187.4,14.000000000000002,62.300000000000004,6.7,190.7,173.60000000000002,336.70000000000005,76.99999999999999,163.70000000000002,175.1,1.4,72.5,184.09999999999997,252.4,100.5,80.20000000000002,78.3,178.60000000000002,309.0,6.5,110.1,316.59999999999997,236.2,63.60000000000001,361.0,238.29999999999998,143.70000000000002,356.1,342.6,340.90000000000003,2.3,316.2,351.2,389.1,389.90000000000003,185.2,174.9,191.3,83.2,333.40000000000003,156.50000000000003,290.40000000000003,318.90000000000003,280.2,315.7,307.3,302.0,93.50000000000001,286.1,208.10000000000002,30.699999999999996,15.5,114.2,259.0,162.39999999999998,78.7,355.80000000000007,334.9,34.4,267.3,308.09999999999997,312.3,312.19999999999993,312.9,290.5,282.9,214.9,296.5,338.4,209.59999999999997,263.9,214.99999999999997,200.9,258.4,250.8,202.7,168.9,250.4,1.4,96.50000000000001,54.599999999999994,202.4,299.2,84.8,218.7,164.70000000000002,184.20000000000002,214.2,200.9,145.39999999999998,46.1,53.400000000000006,48.1,36.9,236.20000000000002,158.3,211.2,217.2,205.7,198.99999999999997,1.0,146.8,204.7,6.4,181.20000000000002,184.7,169.4,154.0,160.20000000000002,117.60000000000001,9.4,90.5,135.0,178.00000000000003,62.800000000000004,60.3,66.39999999999999,150.4,2.1,97.0,91.80000000000001,108.20000000000002,155.6,9.799999999999999,93.5,172.0,78.7,72.4,140.9,6.7,162.89999999999998,92.79999999999998,155.4,69.10000000000001,16.2,140.2,150.6,145.3,15.900000000000002,91.7,17.599999999999998,82.10000000000001,1.9999999999999998,81.0,147.89999999999998,33.300000000000004,76.8,163.0,131.9,144.00000000000003,155.9,64.9,60.3,63.20000000000001,15.899999999999999,76.9,114.5,175.2,141.4,121.40000000000002,172.1,36.0,124.4,175.09999999999997,193.99999999999997,15.100000000000001,31.400000000000002,112.2,202.99999999999997,161.7,187.90000000000003,198.30000000000004,167.2,146.3,153.20000000000002,41.3,37.199999999999996,19.4,225.6,55.99999999999999,49.6,199.8,254.29999999999995,138.7,202.4,240.8,209.7,268.5,275.7,25.8,276.2,261.9,130.89999999999998,248.49999999999997,303.59999999999997,175.59999999999997,270.90000000000003,269.20000000000005,283.5,44.49999999999999,46.9,-0.19999999999999998,36.10000000000001,311.0,297.0,36.2,53.90000000000001,2.8,77.3,315.5999999999999,286.7,47.9,271.9,233.19999999999996,17.8,326.6,281.6,351.0,190.7,200.69999999999996,376.70000000000005,374.3,366.8,365.70000000000005,376.59999999999997,324.7,262.0,374.0,331.2,373.1,349.5,231.89999999999998,56.50000000000001,171.50000000000003,370.9,339.3,395.30000000000007,282.3,321.0999999999999,391.9,137.3,359.09999999999997,234.7,364.1,231.50000000000003,58.400000000000006,292.8,368.49999999999994,37.5,112.80000000000001,412.8,390.40000000000003,412.1000000000001,396.59999999999997,410.00000000000006,393.8,381.6,369.4,208.5,274.8,279.29999999999995,266.59999999999997,113.80000000000001,401.3,428.59999999999997,426.9,378.3999999999999,352.8,235.40000000000003,216.79999999999998,375.7,374.3,403.4,376.8,364.99999999999994,417.19999999999993,386.49999999999994,294.5,410.3,154.10000000000002,404.59999999999997,432.9,386.9,378.40000000000003,318.7,77.4,171.8,211.8,132.1,387.1,341.0,366.7,371.50000000000006,189.39999999999998,129.5,73.5,418.40000000000003,248.1,172.3,255.60000000000002,354.6,334.1,353.99999999999994,111.0,126.60000000000001,88.6,115.9,263.09999999999997,361.0
10,251.60000000000005,450.20000000000005,233.60000000000005,444.19999999999993,424.9,351.5,358.8,424.5,427.0,455.6,118.1,102.00000000000001,105.80000000000001,91.5,418.99999999999994,365.0,137.1,97.99999999999999,256.79999999999995,190.40000000000003,432.3999999999999,417.59999999999997,461.1,142.8,79.9,265.6,198.4,442.5,158.7,112.9,466.0,208.90000000000003,130.4,144.3,168.4,73.1,262.8,357.59999999999997,390.6,367.40000000000003,296.1,56.5,10.3,149.79999999999998,145.9,258.5,213.7,186.20000000000002,112.8,120.6,380.2999999999999,165.1,17.9,59.49999999999999,207.4,301.3,159.79999999999998,123.89999999999999,1.1102230246251565e-16,404.3999999999999,403.09999999999997,428.0,488.59999999999997,155.70000000000002,237.29999999999998,1.5,0.7,33.8,-1.1,180.60000000000002,139.5,71.19999999999999,302.8,347.5,257.70000000000005,433.69999999999993,273.9,387.3,318.09999999999997,391.4,323.20000000000005,252.3,228.5,305.59999999999997,368.4,380.9,299.1000000000001,274.6,168.9,101.19999999999999,371.3,341.99999999999994,369.30000000000007,110.7,97.20000000000002,366.1,140.99999999999997,98.0,76.69999999999999,275.8,4.0,282.09999999999997,82.0,189.89999999999998,71.5,380.90000000000003,388.6,60.89999999999999,147.60000000000002,111.8,282.4,369.8,200.2,181.8,127.80000000000001,207.09999999999997,379.6,348.7,386.79999999999995,370.2,346.6,333.20000000000005,272.0,345.20000000000005,236.89999999999998,53.9,395.50000000000006,393.20000000000005,403.19999999999993,383.20000000000005,309.2,366.99999999999994,343.9,339.9,396.49999999999994,156.6,242.4,133.70000000000002,333.2,351.5,344.0,349.50000000000006,94.10000000000002,62.0,280.49999999999994,299.9,281.6000000000001,294.00000000000006,277.19999999999993,278.59999999999997,290.9,276.69999999999993,269.40000000000003,2.7,128.90000000000003,285.3,290.20000000000005,276.2,36.4,426.40000000000003,281.4,273.0,270.29999999999995,254.0,241.70000000000005,226.79999999999993,249.70000000000005,14.799999999999995,113.5,0.40000000000000013,16.2,260.2,36.400000000000006,44.5,122.60000000000001,239.79999999999998,121.60000000000001,140.60000000000002,240.8,110.50000000000001,218.79999999999995,221.29999999999998,89.69999999999999,207.60000000000002,186.6,208.60000000000002,215.20000000000002,36.5,189.7,212.80000000000007,32.79999999999999,211.2,235.7,111.1,196.4,289.90000000000003,229.0,268.7,146.3,335.5,320.70000000000005,166.49999999999997,217.20000000000002,208.0,238.29999999999998,97.4,251.90000000000003,104.2,100.8,118.9,-0.3999999999999999,2.2,13.7,42.6,244.0,248.0,373.70000000000005,243.8,0.19999999999999996,8.200000000000001,22.3,64.3,85.3,26.799999999999994,233.9,274.3,167.90000000000003,111.3,323.8,-0.30000000000000004,326.00000000000006,309.3,194.20000000000002,62.2,82.2,216.6,292.4,20.3,333.09999999999997,311.0,104.0,292.1,313.5,138.3,371.0,374.2,284.3,387.2,102.49999999999999,279.4,370.79999999999995,366.9,349.3,205.9,357.9,356.00000000000006,115.7,2.3999999999999995,382.2,2.0999999999999996,6.4,289.0,327.20000000000005,375.1,347.49999999999994,434.1,59.69999999999999,44.10000000000001,210.09999999999997,319.19999999999993,206.89999999999998,35.6,179.20000000000002,464.79999999999995,125.3,445.29999999999995,265.4,240.60000000000002,359.6,323.4,432.7,247.4,136.5,415.7,395.5,276.8,365.19999999999993,455.79999999999995,429.7,425.8,38.7,292.8,491.59999999999997,436.70000000000005,273.5,455.9,472.79999999999995,104.5,58.2,332.8,403.30000000000007,431.49999999999994,273.0,425.09999999999997,52.39999999999999,66.4,513.6,239.2,483.5,456.6,388.40000000000003,462.0999999999999,488.2,121.10000000000001,155.70000000000002,545.3000000000001,523.6,230.70000000000002,491.09999999999997,530.1999999999999,506.2,531.0,486.20000000000005,205.09999999999997,214.10000000000002,308.7,475.2,448.8,255.9,425.79999999999995,508.99999999999994,531.6,210.1,600.9,486.7,176.4,479.99999999999994,411.70000000000005,286.99999999999994,460.8,461.6,191.7,329.0,491.50000000000006,468.3999999999999,403.19999999999993,95.10000000000001,10.1,233.20000000000002,305.7,506.5,138.2,298.4,490.30000000000007,331.3,483.6,157.3,409.1000000000001,93.3,491.5,517.3,473.7,457.7999999999999,490.9,391.90000000000003,199.70000000000002,227.1,244.6,151.4,501.2,470.70000000000005,377.1,151.6,559.8,194.6,454.5,475.80000000000007,87.3,410.5,490.9,53.800000000000004,241.60000000000002,457.99999999999994,473.5,457.70000000000005,406.40000000000003,446.3,550.1999999999999,487.20000000000005,489.00000000000006,506.8999999999999,196.39999999999998,167.4,475.9,497.7999999999999,95.0,97.39999999999998,72.89999999999999,61.2,24.1,176.39999999999998,237.60000000000002,418.1,478.8,362.5,186.90000000000003,229.79999999999998,492.59999999999997,417.6000000000001,502.4,521.6,486.3,236.7,522.4,274.09999999999997,312.4,330.0,436.40000000000003,294.4,486.69999999999993,465.0,470.20000000000005,470.8,441.6,605.9999999999999,87.30000000000001,173.9,405.70000000000005,440.3,460.9,484.2,271.8,468.50000000000006,423.00000000000006,460.2,237.7,165.00000000000003,153.1,527.8000000000001,476.50000000000006,499.7,493.9999999999999,498.6,392.6,2.5,371.19999999999993,105.00000000000001,7.5,32.2,198.89999999999998,328.5,488.50000000000006,1.1,522.6000000000001,252.0,47.599999999999994,100.60000000000001,449.70000000000005,212.7,187.9,66.4,24.900000000000002,510.79999999999995,404.90000000000003,51.4,304.2,512.5999999999999,310.6,112.8,504.3,315.4,163.60000000000002,327.5,500.4,502.3,160.1,168.10000000000002,450.70000000000005,484.40000000000003,237.50000000000003,276.00000000000006,436.70000000000005,442.7,217.9,497.1000000000001,302.70000000000005,451.59999999999997,499.09999999999997,461.09999999999997,470.3999999999999,473.3,455.0,206.9,537.9000000000001,249.60000000000002,117.2,53.1,277.90000000000003,419.2999999999999,207.7,185.79999999999998,524.4,501.8,554.0,481.8,433.5,482.29999999999995,486.9,123.20000000000002,457.99999999999994,420.4,347.59999999999997,463.99999999999994,495.20000000000005,110.6,430.8,381.8,383.5,420.50000000000006,403.6000000000001,412.7,246.7,426.00000000000006,6.0,307.00000000000006,51.7,54.400000000000006,447.00000000000006,431.8,373.7,387.00000000000006,348.1,390.50000000000006,365.00000000000006,366.2,73.2,156.8,493.99999999999994,332.3,210.49999999999997,311.50000000000006,391.6,388.00000000000006,386.40000000000003,375.3,5.3,300.8,376.0,115.19999999999999,175.70000000000002,373.00000000000006,352.99999999999994,314.9,338.3,269.59999999999997,111.6,262.80000000000007,94.39999999999999,363.1,168.4,238.29999999999998,34.800000000000004,158.59999999999997,4.1,240.4,191.6,110.3,155.6,201.50000000000003,319.7,335.69999999999993,142.2,160.79999999999998,98.99999999999999,105.8,382.8,143.20000000000002,345.3,284.4,87.5,317.29999999999995,352.79999999999995,320.40000000000003,224.00000000000003,279.70000000000005,105.0,308.7,70.9,338.59999999999997,159.3,329.3,291.8,351.9,303.40000000000003,341.5,346.80000000000007,85.2,97.70000000000002,261.4,58.1,297.0,181.29999999999998,351.59999999999997,316.0,293.9,359.3,104.30000000000001,172.9,368.2,348.6,60.3,80.9,162.5,216.6,366.3,380.00000000000006,371.50000000000006,372.0,342.40000000000003,345.99999999999994,116.80000000000001,6.4,61.599999999999994,453.50000000000006,63.9,154.70000000000002,426.9,456.20000000000005,311.0,452.09999999999997,436.50000000000006,396.9,462.8,565.9000000000001,41.4,476.3999999999999,432.99999999999994,210.59999999999997,317.8,514.7,387.2,458.70000000000005,453.5,452.79999999999995,298.0,78.5,1.9,183.89999999999998,491.90000000000003,474.70000000000005,19.7,72.4,34.6,65.5,482.80000000000007,500.5999999999999,88.9,426.9,400.4,29.3,519.3,496.79999999999995,523.8000000000001,283.69999999999993,248.40000000000003,542.5,551.6,540.2,540.6999999999999,493.3,501.7,233.6,536.4000000000001,487.80000000000007,502.0,524.9,537.9000000000001,148.4,153.3,539.4,346.09999999999997,557.8,464.30000000000007,506.5999999999999,546.6999999999999,133.4,506.20000000000005,492.9,515.8000000000001,491.79999999999995,19.0,475.8,509.90000000000003,86.5,99.10000000000001,577.9000000000001,539.1,562.1999999999999,540.4,553.8,533.6000000000001,309.90000000000003,505.7000000000001,455.2,446.49999999999994,435.6,372.5,168.2,546.1,380.40000000000003,538.5,517.1,499.79999999999995,384.3,501.9,520.7,513.4,514.4000000000001,510.19999999999993,492.9,476.2,529.8000000000001,404.80000000000007,540.0000000000001,341.0,552.1,499.1,534.0,512.5000000000001,545.3,163.79999999999998,395.49999999999994,414.5,297.90000000000003,516.8,473.4,402.0000000000001,451.6,326.9,172.5,60.300000000000004,450.59999999999997,29.4,202.39999999999998,191.4,492.6,411.00000000000006,482.0,104.4,121.0,137.3,160.79999999999998,75.60000000000001,124.30000000000001
11,565.8,448.70000000000005,231.89999999999998,521.6,486.4,479.29999999999995,442.8,505.79999999999995,500.70000000000016,489.2,239.0,314.0,143.29999999999998,149.7,454.80000000000007,515.4,441.8,75.00000000000001,447.50000000000006,233.40000000000003,514.6999999999999,507.20000000000005,534.9,223.20000000000002,74.0,341.90000000000003,205.7,357.7,66.80000000000001,446.9,448.3,237.8,137.0,150.2,179.00000000000003,88.89999999999999,408.20000000000005,387.90000000000003,223.00000000000003,332.90000000000003,376.70000000000005,27.4,18.000000000000004,93.4,43.1,197.90000000000003,203.6,159.9,148.29999999999998,43.199999999999996,463.0,36.0,47.4,154.8,246.8,614.6,396.5,130.8,17.1,451.9,428.7,291.4,207.70000000000002,432.7,304.09999999999997,162.39999999999998,148.7,3.3000000000000003,1.1102230246251565e-16,494.8,61.50000000000001,160.70000000000002,393.8,495.59999999999997,369.20000000000005,470.4,437.30000000000007,506.4000000000001,480.40000000000003,482.59999999999997,323.20000000000005,231.8,126.3,439.1,464.8,176.39999999999998,178.9,149.5,231.20000000000002,205.79999999999995,457.5,363.1,469.0,191.20000000000002,151.20000000000002,489.70000000000005,52.8,128.79999999999998,142.1,454.79999999999995,62.900000000000006,212.10000000000002,48.29999999999999,233.7,55.89999999999999,488.09999999999997,465.79999999999995,123.5,168.99999999999997,107.30000000000001,414.3,467.5999999999999,412.0,147.70000000000002,180.6,518.6999999999999,460.0000000000001,471.19999999999993,473.49999999999994,396.9,436.70000000000005,440.70000000000005,428.70000000000005,442.4,258.90000000000003,29.600000000000005,491.7,485.5,391.5,479.1,278.1,460.59999999999997,526.9,305.3,499.20000000000005,67.0,543.1999999999999,143.4,431.09999999999997,453.80000000000007,425.5,453.49999999999994,129.6,131.3,493.69999999999993,377.40000000000003,354.20000000000005,372.9000000000001,328.70000000000005,298.20000000000005,379.09999999999997,345.0000000000001,338.5,13.200000000000001,215.79999999999995,384.8,354.99999999999994,209.29999999999998,29.800000000000004,426.40000000000003,373.2,358.2,361.2,334.5,333.3,292.4,341.9000000000001,176.9,229.2,1.5,42.900000000000006,352.49999999999994,6.9,79.00000000000001,153.00000000000003,333.70000000000005,291.9,31.400000000000006,383.5000000000001,72.3,322.59999999999997,314.09999999999997,140.99999999999994,317.79999999999995,309.8,299.00000000000006,312.49999999999994,89.50000000000001,250.19999999999996,319.6,50.7,218.1,385.79999999999995,188.7,404.0,441.3,338.40000000000003,378.99999999999994,390.3999999999999,505.7999999999999,250.2,145.89999999999998,236.70000000000002,203.0,406.8,448.0,407.2,104.7,184.4,450.6000000000001,0.3,3.9,8.9,164.6,235.6,381.3,403.29999999999995,501.40000000000003,1.1,20.700000000000003,40.7,179.6,176.3,62.8,360.4,403.8,212.0,246.3,499.70000000000005,1.2,473.4,491.79999999999995,164.90000000000003,40.800000000000004,63.30000000000001,453.2999999999999,442.40000000000003,56.300000000000004,518.8,427.4000000000001,255.8,437.0,289.6,148.70000000000002,557.8999999999999,542.6,553.4,417.09999999999997,118.59999999999998,430.0000000000001,541.9,519.3,505.2,319.00000000000006,424.79999999999995,513.7,155.6,142.3,523.2,5.0,7.5,337.7,454.4,496.4000000000001,461.6,486.00000000000006,57.3,91.89999999999999,236.30000000000004,368.7,97.2,60.4,286.79999999999995,393.4,141.4,568.6,444.40000000000003,314.8,550.1,488.99999999999994,564.3000000000001,409.40000000000003,170.1,523.7,518.1999999999999,457.9,558.1999999999999,584.9999999999999,554.9,498.3,50.300000000000004,470.6,618.0999999999999,544.6999999999999,425.5,565.1999999999999,591.8,81.70000000000002,113.3,478.70000000000005,546.8000000000001,564.1,240.39999999999998,384.4000000000001,72.8,72.2,620.5999999999999,584.1,585.0999999999999,610.8,416.7,555.8,589.6,79.9,278.20000000000005,649.8,622.8,234.0,580.0000000000001,634.8000000000001,601.6999999999999,544.0999999999999,523.6999999999999,437.8999999999999,661.4,593.8,572.0,553.2,443.30000000000007,551.1999999999999,601.1000000000001,632.2,37.2,260.6,580.7,288.8,590.0,442.80000000000007,47.50000000000001,568.9,565.4,305.3,323.29999999999995,587.1,565.4000000000001,559.1999999999999,105.10000000000001,41.60000000000001,102.99999999999999,673.0999999999999,595.7,141.79999999999998,262.4,587.8999999999999,457.3,583.7,654.5,267.7,56.199999999999996,508.6,592.9000000000001,562.3,558.6,563.8,572.3,89.30000000000001,624.4000000000001,391.80000000000007,620.9999999999999,399.8,570.1,548.5,193.79999999999998,260.09999999999997,613.8999999999999,550.4000000000001,478.0,128.2,521.4,531.6999999999999,190.99999999999997,364.9,515.3000000000001,426.7,542.3,524.1,307.70000000000005,636.3000000000001,588.3,587.1999999999998,588.5,217.0,285.0,583.6999999999999,536.9000000000001,178.6,103.8,64.8,79.69999999999999,56.90000000000001,540.6,163.3,470.5,227.0,258.99999999999994,592.9,228.5,627.1000000000001,613.3000000000001,616.1000000000001,278.2,700.3,391.8,602.6,597.8,534.0,438.4,604.7,580.5000000000001,598.0999999999999,575.1,614.4000000000001,575.6999999999999,336.7,218.0,390.9,283.09999999999997,548.0999999999999,449.40000000000003,557.7,598.9,132.89999999999998,567.5,558.8,575.8,291.70000000000005,380.9,285.7,600.0,597.3,599.4,669.0,608.4000000000001,595.8,37.199999999999996,348.9,106.9,45.0,170.2,578.3000000000001,371.5,578.0,115.70000000000002,300.9,524.1,118.8,111.10000000000001,461.80000000000007,402.6,143.6,174.6,114.89999999999999,181.8,418.4,117.3,572.9000000000001,523.0,374.5,152.5,602.6,354.99999999999994,259.5,444.30000000000007,593.4,601.8999999999999,68.1,96.5,367.3,637.6,426.09999999999997,632.8000000000001,546.9,269.40000000000003,304.0,605.1999999999999,566.4,556.8000000000001,570.8000000000001,521.3,595.8,519.9,608.6,187.4,573.3,548.9999999999999,116.6,108.6,465.90000000000003,560.1,260.9,184.70000000000005,650.1999999999998,607.3000000000001,563.5,569.1999999999999,596.8000000000001,611.6000000000001,594.5,472.99999999999994,579.1,256.30000000000007,466.00000000000006,572.7,550.5,129.3,537.1000000000001,499.6,234.90000000000003,509.7,523.1999999999999,492.0,318.59999999999997,542.8000000000001,16.9,27.400000000000002,92.30000000000001,286.50000000000006,291.59999999999997,529.5999999999999,358.20000000000005,500.1,476.9,518.0,481.50000000000006,506.29999999999995,119.30000000000001,172.10000000000002,203.70000000000002,321.59999999999997,368.4,433.8,521.4,523.0,545.3,528.1999999999999,17.0,327.0,523.0999999999999,21.7,177.09999999999997,505.30000000000007,492.6,442.69999999999993,479.0,234.59999999999997,138.4,368.29999999999995,146.2,528.6999999999999,166.39999999999998,274.7,91.9,379.5,8.799999999999999,166.1,429.90000000000003,354.4,155.6,363.5,527.5999999999999,531.5,432.6,478.5,274.5,226.4,529.7,125.6,498.6,493.59999999999997,167.8,486.4,498.1,480.29999999999995,363.3,419.20000000000005,113.9,358.3,514.9000000000001,512.6999999999999,312.3,618.0000000000001,207.69999999999996,522.4,453.1,507.1000000000001,522.4000000000001,228.10000000000005,130.0,183.2,125.60000000000001,366.29999999999995,333.1000000000001,536.2,326.80000000000007,348.5,495.8,513.9999999999999,328.5,603.1,501.09999999999997,196.0,82.89999999999999,177.60000000000002,423.90000000000003,457.00000000000006,546.8,518.3,483.59999999999997,261.8,477.29999999999995,207.4,72.8,151.5,601.7,168.6,536.9,579.0999999999999,615.9,530.6,597.6,571.0999999999999,533.6,610.7,546.8,366.2,637.3,577.1000000000001,526.6,633.3000000000001,660.3999999999999,578.4,595.6,590.6999999999999,482.80000000000007,599.5,392.29999999999995,12.3,169.60000000000002,618.0,609.9,140.79999999999998,216.20000000000002,134.5,163.89999999999998,555.0000000000001,577.4,398.90000000000003,566.6,281.09999999999997,101.3,638.5999999999999,372.1,640.2,403.9,345.09999999999997,502.0,673.5999999999999,653.9,658.5,501.6,619.8000000000001,630.9999999999999,648.4,612.7,628.8000000000001,665.3000000000001,631.6,112.20000000000002,191.1,566.7,665.4000000000001,661.3000000000001,681.4,610.9,649.8000000000001,98.3,623.4,571.0999999999999,618.6,489.5,101.49999999999999,487.7,644.4,316.59999999999997,77.8,690.5999999999999,653.1,668.3000000000001,646.3999999999999,663.4000000000001,636.4000000000001,516.1999999999999,560.8,588.9,688.9999999999999,633.7,278.70000000000005,55.4,664.3,667.0999999999999,638.9,616.7,589.4999999999999,487.0,267.5,616.4,607.4,516.0,601.2999999999998,590.6,689.5999999999999,637.0,365.5,650.4,180.10000000000002,633.9000000000001,639.8999999999999,623.3999999999999,603.6,623.5,88.10000000000001,285.59999999999997,202.30000000000004,208.1,584.5,606.1,608.5,447.2,388.7,191.09999999999997,165.5,577.6999999999999,662.7,584.2,298.59999999999997,592.3,247.79999999999998,581.9,217.1,131.89999999999998,340.69999999999993,193.10000000000002,195.9,228.5
12,609.4,515.9,204.79999999999998,562.5,454.5999999999999,517.3,377.6,541.3,553.0,377.3,128.3,347.20000000000005,211.8,58.7,513.1,583.3000000000001,309.69999999999993,69.6,558.4,220.9,637.3,533.1,650.0,25.599999999999998,45.800000000000004,547.6000000000001,272.20000000000005,595.6,102.60000000000001,272.1,560.0999999999999,238.2,177.0,81.4,243.8,233.3,406.1,210.70000000000002,95.8,293.79999999999995,498.9,73.60000000000001,54.39999999999999,25.9,165.89999999999998,544.0,313.1,224.40000000000003,225.40000000000003,639.4999999999999,535.9,58.7,60.2,89.3,126.19999999999999,303.5,234.09999999999997,275.2,81.1,74.6,272.79999999999995,385.4,586.5999999999999,479.6,411.90000000000003,159.5,106.6,7.4,-1.4999999999999996,577.5,26.800000000000004,353.49999999999994,274.70000000000005,405.1,332.70000000000005,377.7,494.19999999999993,534.2,541.8,532.5,323.20000000000005,372.8,223.3,482.30000000000007,351.3,529.1999999999999,5.3999999999999995,248.0,430.80000000000007,666.6,283.40000000000003,432.8,336.8,249.8,308.40000000000003,526.7,194.3,145.0,77.3,210.90000000000003,230.0,157.2,57.699999999999996,242.4,117.1,546.4,237.99999999999997,72.9,87.9,266.90000000000003,532.1,504.70000000000005,281.3,178.90000000000003,246.89999999999998,523.9,526.2,516.2,518.6,539.2,535.4,317.7,432.69999999999993,505.40000000000003,123.69999999999999,105.1,543.6,543.6999999999999,557.5,528.1,313.3,510.30000000000007,198.4,289.8,234.4,146.10000000000002,368.9000000000001,90.8,476.0000000000001,492.99999999999994,434.6,499.09999999999997,97.9,232.9,506.3,418.00000000000006,407.80000000000007,383.49999999999994,386.29999999999995,172.29999999999998,418.5,380.9999999999999,397.40000000000003,25.800000000000004,207.6,384.8,405.0,408.19999999999993,49.199999999999996,428.40000000000003,428.0,397.00000000000006,397.1,371.8999999999999,371.3,404.00000000000006,373.6,178.7,159.6,31.00000000000001,30.799999999999997,392.8,57.10000000000001,340.1,393.59999999999997,377.99999999999994,341.6,146.7,410.9,78.69999999999999,323.8,353.59999999999997,355.8999999999999,334.20000000000005,233.20000000000002,331.7999999999999,355.69999999999993,217.70000000000002,157.00000000000003,364.79999999999995,125.79999999999998,212.59999999999997,462.9,268.7,527.9,509.90000000000003,516.0,475.2,454.0,592.1,497.30000000000007,282.8,174.29999999999998,250.39999999999998,490.90000000000003,601.2,487.50000000000006,77.4,494.00000000000006,321.1,1.4,4.8999999999999995,45.699999999999996,361.90000000000003,437.69999999999993,443.00000000000006,136.2,401.5,2.7,29.6,55.800000000000004,290.8,118.60000000000001,284.90000000000003,436.70000000000005,515.5,453.1,613.9,597.0,3.0999999999999996,560.0999999999999,577.3,62.0,95.20000000000002,119.29999999999998,550.4999999999999,460.8,55.00000000000001,611.5,57.5,464.40000000000003,151.29999999999998,386.90000000000003,150.49999999999997,657.5999999999999,629.4,658.6999999999999,347.6,127.9,534.4000000000001,644.9,597.6000000000001,578.4,382.09999999999997,577.5,599.2,263.1,128.7,616.2000000000002,5.7,72.10000000000001,425.5,535.8000000000001,568.6,542.2,496.00000000000006,77.30000000000001,48.6,701.8,554.2,85.0,47.49999999999999,649.1,595.2,158.39999999999998,637.0000000000001,394.5,382.20000000000005,631.2,595.3,628.1999999999999,560.2,226.70000000000002,607.1,603.9,533.1000000000001,653.8,565.0999999999999,611.9,599.8000000000001,62.60000000000001,615.6,657.8,627.0,240.20000000000002,622.4,586.6,18.1,210.19999999999996,549.0999999999999,633.6999999999999,645.5000000000001,487.8,189.80000000000004,120.7,110.39999999999998,686.9000000000001,570.6,636.4,655.4999999999999,607.5000000000001,652.3,668.3,61.90000000000001,436.0,680.0,647.3,279.4,203.8,698.5999999999999,671.1999999999999,634.6999999999999,626.0999999999999,190.09999999999997,281.2,627.8000000000001,624.2,498.1000000000001,320.59999999999997,340.5,648.6,643.1999999999999,132.2,512.4,637.7000000000002,291.09999999999997,653.7,555.9000000000001,45.99999999999999,631.6999999999999,607.1,320.4,364.7,633.8,569.0,495.4,81.4,157.1,49.400000000000006,347.4,632.8000000000001,60.099999999999994,713.8,647.9,590.1000000000001,644.6999999999998,654.5,303.4,264.7,87.0,657.4,611.7,592.3,629.6,426.3999999999999,87.0,642.3,509.29999999999995,659.3,301.5,624.6000000000001,565.9000000000001,327.0,299.7,452.0,585.8,445.2,77.8,321.99999999999994,245.0,131.79999999999998,618.5000000000001,530.3,432.7,592.8,617.8,332.2,600.0,637.8999999999999,593.3000000000001,549.9999999999999,586.4,561.9999999999999,651.7,331.6,138.8,226.70000000000002,132.6,64.1,155.8,208.2,397.09999999999997,667.2,272.0,457.20000000000005,659.0999999999999,201.60000000000002,647.6,333.0,599.1,147.8,449.8999999999999,360.2,646.5000000000001,673.8000000000001,548.6,523.0999999999999,687.9000000000001,667.8000000000002,673.7,635.9000000000001,457.0,616.1,343.90000000000003,543.6999999999999,123.8,248.50000000000003,147.6,504.90000000000003,613.3999999999999,598.0999999999999,120.6,617.1,620.9,545.3,298.70000000000005,642.9999999999999,269.2,622.6,644.0000000000001,662.6999999999999,669.0,646.4,278.2,29.1,456.20000000000005,83.0,141.3,281.09999999999997,550.9,225.89999999999998,314.2,546.4,561.1,382.40000000000003,348.9,100.50000000000001,374.0,416.59999999999997,136.10000000000002,134.1,107.7,617.4,511.8,103.4,623.9,398.40000000000003,515.2,134.29999999999998,663.2,384.7,213.4,429.8,654.0,621.9000000000001,212.4,639.3000000000001,510.3,596.0,418.8999999999999,183.1,705.7,258.20000000000005,251.9,664.5999999999999,620.8000000000001,556.0,615.9,375.7,689.9,547.8,462.09999999999997,167.79999999999995,443.20000000000005,614.2,123.00000000000001,108.19999999999999,360.6,231.6,246.79999999999998,135.00000000000003,681.1000000000001,662.0999999999999,564.0999999999999,614.6,468.3999999999999,665.6999999999999,652.7,607.4000000000001,630.5,618.9,580.1999999999999,632.0999999999999,636.7,102.69999999999999,587.3,569.6999999999999,656.7,601.9000000000001,570.9,357.9,352.5,533.4000000000001,41.10000000000001,701.9000000000001,33.599999999999994,150.4,72.3,583.0,507.2,563.2,484.1,582.3999999999999,539.8,543.8,180.10000000000002,134.9,326.09999999999997,62.599999999999994,226.89999999999995,476.1,596.4,579.1999999999999,557.1000000000001,645.7,53.400000000000006,105.30000000000001,573.3,556.0,171.10000000000002,564.4000000000001,551.3,497.29999999999995,556.5,299.4,519.1,527.5,335.0,609.0,513.8,520.5999999999999,178.7,48.69999999999999,16.3,574.8,408.20000000000005,457.4000000000001,192.7,199.20000000000002,613.3,578.7,255.0,262.3,569.0,536.5,420.99999999999994,290.3,582.8,583.6,249.7,592.8,580.5,562.3000000000001,414.59999999999997,506.3,101.30000000000001,612.3,195.29999999999998,628.6000000000001,580.8,558.1999999999999,294.90000000000003,613.0,557.1000000000001,596.1999999999999,592.3,252.9,187.2,448.79999999999995,88.3,324.20000000000005,659.6,636.9,569.0999999999999,609.1,604.5,358.99999999999994,583.5999999999999,680.2,645.6,415.40000000000003,418.5,245.79999999999998,652.9,468.50000000000006,665.1999999999998,605.6999999999999,604.9,543.8,536.7,685.4,246.0,305.9,680.0999999999999,234.4,702.3000000000001,653.2,727.2999999999998,614.0,583.3000000000001,659.4,635.3000000000001,709.3,684.4000000000001,437.09999999999997,729.9000000000002,650.8,664.5,723.3000000000001,744.3000000000001,424.5,679.3000000000001,673.4000000000001,386.4,642.5999999999999,276.00000000000006,34.50000000000001,72.7,699.8000000000001,682.0999999999999,118.8,278.8,207.20000000000002,107.30000000000001,603.0,678.3000000000001,357.9,622.1,161.29999999999998,97.39999999999999,652.6,541.5,707.9999999999999,650.3,416.8,645.6000000000001,746.9,716.9,744.4,485.0,682.0999999999999,719.2999999999998,710.4,690.3000000000001,723.4000000000001,721.5,675.1999999999999,245.8,408.50000000000006,739.5,735.6000000000001,726.2000000000002,498.2,709.2,717.5999999999999,86.80000000000001,663.4,618.1,694.9,471.6,79.2,466.3,425.9,494.20000000000005,45.400000000000006,756.9999999999999,703.6999999999999,724.4,692.6,714.0,698.2,374.59999999999997,621.1,235.20000000000002,654.3,416.0,370.99999999999994,199.39999999999998,719.1000000000001,740.2,697.8000000000002,667.9,652.3000000000001,421.2,382.29999999999995,698.2,662.1999999999999,386.59999999999997,656.1999999999999,644.4,736.6999999999999,696.5,527.6999999999999,691.6,116.29999999999998,687.6999999999999,697.3000000000001,664.3,649.2,546.6999999999999,94.4,610.1,328.70000000000005,240.0,703.3000000000001,508.30000000000007,669.8000000000001,479.1000000000001,238.5,303.8999999999999,479.70000000000005,342.59999999999997,433.20000000000005,740.6,454.20000000000005,647.4000000000001,460.7,659.1999999999999,188.89999999999998,259.5,311.1,147.6,69.7,333.0
13,613.6,514.1,384.8,536.3000000000001,547.0,331.59999999999997,233.6,448.1,576.4,274.7,207.80000000000004,572.9000000000001,123.2,29.500000000000004,608.8000000000001,558.3,477.0,65.3,584.9,258.0,636.7,558.9999999999999,626.3,161.90000000000003,113.29999999999998,280.7,605.8000000000001,622.8,53.0,219.8,632.6,335.2,117.3,100.0,560.6,196.7,530.9,624.3,507.70000000000005,181.20000000000002,396.09999999999997,209.0,506.29999999999995,124.7,187.10000000000002,436.90000000000003,583.7,419.99999999999994,283.8,342.40000000000003,221.40000000000003,75.1,55.7,134.4,92.0,389.70000000000005,306.6,216.3,27.0,361.29999999999995,293.49999999999994,324.7,164.6,625.6000000000001,613.2,442.4,32.6,-0.7999999999999998,41.2,415.59999999999997,14.299999999999999,197.69999999999996,306.90000000000003,204.60000000000002,232.50000000000003,538.9,148.1,577.8,543.3,539.0,323.20000000000005,345.40000000000003,276.0,418.69999999999993,339.6,124.6,228.89999999999998,554.9,298.8,524.2,511.7,159.89999999999998,502.0,96.80000000000001,175.9,208.59999999999997,155.6,139.3,257.8,179.4,352.0,425.1,26.8,240.0,151.0,508.9,540.6,116.79999999999998,152.6,177.60000000000002,253.40000000000003,588.4000000000001,357.8,544.5,281.09999999999997,534.6000000000001,553.6,392.70000000000005,537.1999999999999,544.1000000000001,316.9,378.1,511.70000000000005,543.0,343.3999999999999,42.7,584.0999999999999,538.4,535.3,532.4000000000001,546.5,512.9999999999999,510.20000000000005,508.8,219.09999999999997,155.4,526.4,119.3,449.30000000000007,260.0,497.19999999999993,504.4,78.1,124.19999999999999,510.19999999999993,425.29999999999995,450.49999999999994,394.70000000000005,308.20000000000005,402.40000000000003,411.6,386.7,369.8999999999999,37.800000000000004,372.80000000000007,469.9000000000001,418.9,383.7,29.6,427.1000000000001,428.70000000000005,397.4,397.50000000000006,360.3,368.09999999999997,373.09999999999997,379.99999999999994,127.10000000000001,72.00000000000001,5.5,41.1,380.59999999999997,73.6,308.3999999999999,390.1,399.30000000000007,159.70000000000002,5.699999999999999,295.2,96.9,250.59999999999997,341.6000000000001,359.50000000000006,352.40000000000003,332.8999999999999,355.7,353.0,169.2,429.99999999999994,368.00000000000006,133.20000000000002,204.20000000000002,460.3000000000001,191.70000000000002,548.4,529.0,384.2000000000001,544.8,282.59999999999997,610.9999999999999,492.9,363.6,345.0,221.8,467.90000000000003,653.5000000000001,462.49999999999994,103.09999999999998,545.5,78.80000000000001,0.6,23.2,174.8,436.79999999999995,372.59999999999997,523.4,129.39999999999998,543.1,2.8,21.8,87.2,191.4,121.30000000000001,433.29999999999995,482.1,535.8,261.00000000000006,158.9,640.4,94.49999999999999,615.3,597.9,43.300000000000004,217.8,98.6,345.7,530.1,55.7,629.8000000000001,24.799999999999997,424.9,474.6000000000001,282.3,109.8,691.7000000000002,657.0000000000001,687.6,341.80000000000007,194.0,546.8,689.2,649.2,619.5,333.7,636.3000000000001,617.6000000000001,201.80000000000004,191.0,669.2,18.5,99.70000000000002,483.80000000000007,559.7,608.2,559.1000000000001,578.6999999999999,112.19999999999999,49.5,436.8,668.1999999999999,118.3,80.5,505.09999999999997,660.9000000000001,92.3,664.4,346.0,516.3000000000002,655.0,627.0999999999999,640.8,580.0,193.39999999999998,361.5,636.1999999999999,568.2,685.1999999999999,497.3999999999999,617.5999999999999,476.6,43.800000000000004,529.8,669.4999999999999,694.6999999999998,299.40000000000003,650.5,625.1,15.7,405.0,601.1,650.8,576.8,350.1,397.6,28.0,81.7,652.5,679.3000000000001,668.1,659.9999999999999,602.4,591.4,665.7,52.599999999999994,396.0,740.0,552.7,416.29999999999995,665.3000000000001,673.3,685.8,644.9,391.9,177.29999999999998,382.0999999999999,653.1999999999999,637.6,427.00000000000006,309.5999999999999,518.9000000000001,664.6,676.0,232.2,665.7,646.1,152.3,633.5999999999999,567.7,109.9,642.5999999999999,636.1999999999999,431.00000000000006,346.2,640.3999999999999,636.8000000000001,427.6,25.899999999999995,37.4,50.39999999999999,556.8000000000001,632.2,64.2,533.2,669.4,603.1999999999999,282.0,661.6,132.6,308.7,143.9,653.3000000000001,632.7,614.8000000000002,636.9,349.1,30.9,663.0999999999999,290.90000000000003,634.1999999999998,509.3,604.4000000000001,604.5,239.09999999999997,512.2,446.90000000000003,613.1,219.6,156.8,422.5,24.0,309.9,643.8000000000001,624.4,491.4,301.1,198.9,360.3,345.4,160.29999999999998,511.6,608.5,347.8,417.1,488.2,200.50000000000003,76.7,262.0,121.9,28.0,48.300000000000004,115.60000000000001,585.2,712.1999999999999,237.0,623.0999999999999,247.90000000000003,287.0,572.0,474.09999999999997,667.3000000000001,483.3,519.4000000000001,554.8,679.8,633.3,305.2,489.7000000000001,614.6,597.4,356.90000000000003,490.9,219.2,527.9,458.19999999999993,751.6,289.90000000000003,405.5,129.9,276.70000000000005,368.49999999999994,671.7,223.09999999999997,648.3,594.5,399.59999999999997,265.2,287.7,442.8,480.29999999999995,655.4000000000001,680.0999999999999,690.4,114.1,535.8,67.3,310.4000000000001,138.8,445.69999999999993,289.3,364.5,101.10000000000001,648.3,311.6,409.70000000000005,619.9,148.1,78.89999999999999,331.3,428.40000000000003,97.9,105.4,80.80000000000001,750.2000000000002,629.6999999999999,246.89999999999998,275.9,470.1,382.3999999999999,98.4,682.3000000000001,102.4,280.6,305.1,653.4,622.0999999999999,668.9000000000001,658.3000000000001,695.6999999999999,560.8000000000001,304.40000000000003,307.1,191.40000000000003,268.79999999999995,51.70000000000001,665.9000000000001,628.0,625.0,622.7,648.8,570.5,673.2,162.1,298.9,635.6,341.30000000000007,81.7,61.300000000000004,358.8,349.5,253.20000000000002,241.10000000000002,702.6,663.6,86.10000000000001,529.8,659.8,661.4,635.6999999999999,640.1999999999999,631.5000000000001,623.4000000000001,462.0,633.0,441.1,191.7,578.3000000000001,483.9000000000001,350.4,600.4000000000001,586.8,320.6,353.40000000000003,546.2,609.8000000000001,93.80000000000001,30.200000000000003,92.50000000000001,253.40000000000003,606.1999999999999,555.0,512.8,518.8,570.6,536.6999999999999,567.8000000000001,509.40000000000003,314.4,81.7,46.300000000000004,135.4,526.0,584.9000000000001,586.6999999999999,513.0,544.8000000000001,11.0,292.29999999999995,611.7,159.0,306.6,563.8000000000001,564.8000000000001,528.1999999999999,556.3,265.7,175.7,378.69999999999993,272.9,622.7000000000002,592.5,593.5000000000001,329.20000000000005,302.59999999999997,41.99999999999999,107.79999999999998,482.2999999999999,482.1000000000001,447.59999999999997,163.9,634.4,615.4999999999999,222.1,149.5,544.2,493.4000000000001,569.6999999999999,377.5,579.6,633.3000000000002,182.9,622.5999999999999,600.6,584.8,216.70000000000002,537.0999999999999,181.4,354.8,332.7,650.6,262.5,701.5,162.79999999999998,657.1,586.8,622.9999999999999,599.1,257.1,182.70000000000002,321.7,186.10000000000002,470.80000000000007,653.3,645.8000000000001,556.3,680.4000000000001,642.3,96.6,503.4999999999999,683.0999999999999,524.2,461.5,512.1,188.90000000000003,687.8000000000001,637.2,666.8,631.1,642.4000000000001,517.0,668.4,282.99999999999994,422.6,690.4000000000001,702.3000000000002,655.3999999999999,735.6000000000001,169.00000000000003,432.69999999999993,782.0000000000001,230.9,675.9,294.3,740.1,531.8000000000001,298.0,751.4999999999999,668.5,635.8,749.9,778.0,557.7999999999998,709.3000000000001,704.8,425.5,330.3,697.7,29.0,36.3,680.9000000000001,705.9999999999999,215.49999999999997,116.49999999999997,31.8,236.79999999999998,381.00000000000006,678.7000000000002,720.5999999999999,648.7,123.9,85.80000000000003,678.6999999999999,616.3000000000001,734.4999999999999,343.00000000000006,266.69999999999993,304.9,757.2,739.0,752.4,518.8,702.5,739.3000000000001,717.0,716.5,680.6999999999999,734.6999999999999,661.1999999999999,127.5,485.7,764.1000000000001,761.6,770.9,378.30000000000007,727.0000000000001,718.2,139.8,695.4,498.50000000000006,632.6,331.0,39.0,753.6,702.7,465.9,37.199999999999996,761.8,678.2,743.4999999999999,716.2999999999998,719.1000000000001,690.0999999999999,742.9,687.4,238.5,719.0999999999999,363.29999999999995,394.29999999999995,118.10000000000001,722.1,757.0,706.2,662.4,657.7,405.40000000000003,371.8,709.9,676.1999999999999,343.0,670.3000000000001,642.6000000000001,744.9999999999999,711.4999999999999,476.9,724.5,133.5,623.9000000000002,704.6999999999999,680.0,662.4,681.3,63.9,344.9,234.6,454.5,386.1,379.3,667.3,458.79999999999995,182.7,292.09999999999997,115.50000000000001,255.09999999999997,642.8,497.69999999999993,668.2,475.6000000000001,669.5999999999999,660.0999999999999,338.69999999999993,216.8,411.29999999999995,305.1000000000001,238.80000000000004,563.4000000000001
14,593.9000000000001,363.2,270.0,538.2,531.3,460.6,596.3000000000001,515.1,414.7,475.1,259.5,431.70000000000005,117.60000000000001,205.9,571.0999999999999,586.8,156.5,116.39999999999999,571.8,459.8,575.7,516.3,574.6,111.1,170.4,611.6,420.00000000000006,568.0999999999999,43.00000000000001,330.40000000000003,531.6,223.2,81.9,132.4,147.2,95.6,212.69999999999996,651.3,338.0,326.6,262.0,38.5,104.49999999999999,43.1,161.39999999999998,573.1,534.0999999999999,316.0,125.69999999999999,105.29999999999998,132.20000000000002,105.0,24.6,179.1,118.6,464.9,144.70000000000002,29.5,101.89999999999998,573.1,323.0,106.8,377.2,414.0,464.6,262.59999999999997,57.199999999999996,-0.7000000000000001,25.3,577.3,4.3999999999999995,146.8,132.8,408.5,602.3000000000001,563.6,209.6,543.1,529.3000000000001,532.6,323.20000000000005,476.4,253.0,239.9,510.2,283.7,106.6,320.8,171.89999999999998,30.4,509.1,467.20000000000005,256.8,58.400000000000006,526.6,151.9,90.6,81.0,26.6,496.9,492.5,246.09999999999997,25.799999999999997,84.8,189.20000000000002,442.70000000000005,227.9,50.8,140.9,524.8,359.90000000000003,334.8,507.1000000000001,514.8000000000001,192.79999999999998,504.09999999999997,268.9,480.0,502.29999999999995,523.1,373.5,500.29999999999995,407.9,486.70000000000005,471.4,39.3,563.8,516.0,301.2,494.70000000000005,491.79999999999995,479.5,96.6,470.6,153.59999999999997,236.90000000000003,523.1,126.69999999999997,471.5,468.5000000000001,416.3,470.19999999999993,40.5,161.50000000000003,521.8000000000001,397.99999999999994,383.2,362.70000000000005,340.6,331.6000000000001,337.79999999999995,364.9,317.0,28.799999999999997,356.0,78.2,383.8999999999999,289.4,55.20000000000001,383.79999999999995,381.8,357.2,360.3,322.29999999999995,316.59999999999997,333.9,345.3999999999999,109.89999999999999,59.9,4.200000000000002,23.89999999999999,337.5,14.700000000000003,356.69999999999993,366.9,346.80000000000007,326.90000000000003,151.89999999999998,323.40000000000003,355.7,285.8,321.59999999999997,330.0,339.69999999999993,269.9000000000001,319.20000000000005,326.90000000000003,102.9,360.8,329.70000000000005,146.9,8.100000000000001,406.99999999999994,350.50000000000006,210.00000000000003,490.99999999999994,132.99999999999997,516.1,136.6,568.9,437.3,294.8,287.09999999999997,311.8,465.59999999999997,234.29999999999998,541.0,53.90000000000001,512.5,55.0,1.2999999999999998,18.400000000000002,158.10000000000002,442.5,315.09999999999997,481.7,303.0,517.3000000000001,4.2,6.700000000000001,167.20000000000002,339.2,153.5,404.3,433.6,491.8,136.2,124.5,309.1,143.9,594.3000000000001,551.5,68.3,88.69999999999999,69.8,426.30000000000007,543.0,211.3,597.8,194.9,595.4,219.1,424.8,61.3,665.1,629.9000000000002,663.4,269.09999999999997,224.89999999999998,559.0,675.9,635.0999999999999,595.1,282.50000000000006,589.4,589.1999999999999,295.70000000000005,221.6,508.4,16.3,137.39999999999998,510.20000000000005,545.4,587.6,528.2,445.9,217.50000000000003,71.39999999999999,595.0,628.9000000000001,63.9,43.50000000000001,636.5,676.6999999999998,105.60000000000001,599.6,429.79999999999995,449.0,598.4,554.5,606.8000000000001,490.3,172.70000000000002,435.4,655.4000000000001,545.9999999999999,619.8,459.69999999999993,605.6999999999999,527.8,36.800000000000004,609.6999999999999,676.5999999999998,633.3,221.89999999999998,596.4000000000001,610.0999999999999,80.5,397.49999999999994,562.1,632.4,517.6999999999999,393.90000000000003,285.2,8.3,39.400000000000006,653.0999999999999,636.2,624.6999999999999,644.2,651.4000000000001,586.1,604.4000000000001,30.599999999999998,529.6,674.6,420.09999999999997,93.7,661.8,681.3,657.4999999999999,623.1,347.5,230.2,263.90000000000003,650.4000000000001,614.8999999999999,402.20000000000005,237.2,554.5,635.4,637.6999999999999,132.5,643.4000000000001,623.0999999999999,136.29999999999998,648.9,516.3000000000001,26.2,552.5999999999999,608.3000000000001,227.2,272.6,620.4,434.5,395.19999999999993,34.400000000000006,80.4,177.9,215.29999999999998,570.9999999999999,90.4,682.1,638.8999999999999,479.2,630.9999999999999,644.1999999999999,480.70000000000005,488.1000000000001,510.90000000000003,638.8000000000001,587.2,595.0,593.1,377.1000000000001,63.6,649.6,626.0,590.2,562.0999999999999,574.1,635.1,159.70000000000002,453.70000000000005,263.7,588.2,333.49999999999994,115.89999999999999,586.9000000000001,38.599999999999994,99.50000000000001,642.1999999999999,634.5,630.5,502.29999999999995,158.5,491.19999999999993,260.4,576.0,485.40000000000003,608.0,484.0000000000001,631.3000000000001,560.4,360.69999999999993,65.60000000000001,106.10000000000001,62.5,8.8,315.00000000000006,329.30000000000007,265.7,369.79999999999995,433.09999999999997,304.5,355.29999999999995,351.49999999999994,592.3000000000001,537.7,203.0,377.3999999999999,259.3,563.1,651.6,449.29999999999995,579.6,491.6999999999999,677.3,508.4,639.5000000000001,650.8000000000001,245.49999999999997,113.4,531.1,387.59999999999997,41.8,586.6,245.49999999999997,550.6999999999999,341.8,574.4999999999999,212.4,626.1000000000001,410.8,138.5,331.8,623.3,378.4,581.6,605.4999999999999,487.69999999999993,152.60000000000002,122.3,260.1,30.099999999999994,393.50000000000006,119.1,194.20000000000002,384.5,453.29999999999995,15.5,398.7,158.29999999999995,226.3,444.9,84.19999999999999,127.4,640.0999999999999,344.6,118.10000000000001,187.3,34.7,371.2,345.5,252.10000000000002,553.9000000000001,639.5,541.6,149.8,644.2,120.2,470.1,399.7,649.7,608.2,408.0,611.4000000000001,641.8,632.7999999999998,237.3,321.5,216.60000000000002,149.50000000000003,79.00000000000001,622.3000000000001,577.8000000000001,562.2,597.1,602.6,475.7,198.79999999999998,10.1,229.1,351.0,218.7,68.89999999999999,53.1,211.10000000000002,106.20000000000002,135.1,116.3,664.9,608.5,143.29999999999998,258.59999999999997,552.6,495.09999999999997,589.4,426.99999999999994,570.4000000000001,556.7,547.9000000000001,600.3,489.9,138.29999999999998,540.1999999999999,527.9000000000001,314.9,540.1999999999999,536.3,206.89999999999998,513.5,220.0,120.00000000000001,128.2,43.49999999999999,16.400000000000002,47.900000000000006,575.5,417.2,421.79999999999995,406.3,530.9,450.5,519.5999999999999,528.0999999999999,58.3,193.60000000000002,135.0,378.8,460.40000000000003,538.9,532.0,515.0,506.7,27.799999999999997,49.6,178.5,150.8,116.6,513.7,502.1,476.20000000000005,506.7000000000001,405.2,103.7,475.09999999999997,135.50000000000003,563.9999999999999,501.99999999999994,250.09999999999997,189.3,0.09999999999999998,170.7,414.4,432.1,404.3,213.89999999999998,169.90000000000003,578.0000000000001,307.29999999999995,94.3,68.2,585.1,437.9,460.4,239.79999999999998,530.5999999999999,574.6999999999999,90.4,573.1999999999999,555.3,562.3,314.90000000000003,436.4,390.7,245.70000000000002,83.29999999999998,617.0,162.2,314.8,440.9,622.9,563.3000000000001,591.9,498.1,226.1,266.7,163.69999999999996,95.0,371.1,600.1,505.5,640.9000000000001,561.2,618.4,613.3,259.4,675.7999999999998,211.6,283.6,510.09999999999997,163.49999999999997,646.7,458.0,625.2,601.3,589.5,207.60000000000002,602.6000000000001,779.5,309.19999999999993,442.7,666.7,201.30000000000004,761.9,369.8999999999999,802.1,724.4,375.3,491.0,623.9999999999999,713.2000000000002,336.9,523.3,729.5,623.8999999999999,446.2,758.3,751.6999999999999,531.2,674.9999999999999,675.3999999999999,523.8,191.49999999999997,603.5,68.5,91.20000000000002,679.5999999999999,656.4,129.9,67.40000000000002,37.5,257.7,419.70000000000005,592.1999999999999,639.2,620.3,179.60000000000002,100.30000000000001,712.5,716.7000000000002,702.3999999999999,345.1000000000001,145.3,129.4,726.1999999999999,703.2000000000002,709.6999999999999,575.3999999999999,665.5000000000001,708.4000000000001,697.7,691.7999999999998,524.0,694.9,650.0000000000001,113.9,622.4000000000001,737.3999999999999,736.0999999999999,730.7,403.90000000000003,688.4,694.1,379.20000000000005,654.3000000000002,641.7,291.50000000000006,235.6,32.800000000000004,699.5000000000001,402.5,442.49999999999994,23.5,728.6999999999998,705.7,703.7,675.8,696.4,668.4,664.9,682.7,303.1,643.8,352.09999999999997,723.4,160.60000000000002,804.8000000000001,706.2000000000002,683.3,477.80000000000007,637.0999999999999,361.59999999999997,425.1,671.2,633.4,460.99999999999994,630.4000000000001,571.7,715.3000000000001,680.8000000000001,452.40000000000003,683.5,138.99999999999997,663.1,676.9000000000001,655.4,646.5999999999999,343.50000000000006,84.1,671.2,313.70000000000005,202.9,645.1999999999999,342.8,168.1,320.40000000000003,214.8,251.70000000000005,447.59999999999997,639.8,463.3,609.9,662.4999999999999,623.4,593.1999999999999,646.5000000000001,249.79999999999998,244.60000000000002,413.7,569.8,140.20000000000002,386.59999999999997
15,537.5,428.49999999999994,290.90000000000003,486.6,483.29999999999995,285.7,479.6,471.90000000000003,408.29999999999995,96.49999999999999,219.6,315.40000000000003,7.1,356.4,504.0,377.00000000000006,200.79999999999998,49.50000000000001,379.9,455.99999999999994,470.5,307.40000000000003,479.20000000000005,82.0,50.20000000000001,499.90000000000003,528.8999999999999,519.3000000000001,26.4,190.70000000000002,224.20000000000002,303.0,63.80000000000001,81.6,412.0,25.3,458.5,525.4000000000001,197.49999999999997,570.9999999999999,288.8,35.00000000000001,288.6,5.8,143.7,531.5999999999999,399.0,506.7,108.90000000000003,260.7,258.8,51.60000000000001,66.6,129.6,187.5,83.2,117.9,25.999999999999996,136.7,508.1,237.19999999999996,58.5,210.39999999999998,265.40000000000003,216.00000000000003,326.0,11.899999999999999,2.0,85.5,144.3,-0.09999999999999998,140.3,68.1,501.69999999999993,501.20000000000005,487.09999999999997,119.4,483.6,496.70000000000005,479.4,323.20000000000005,448.2,205.70000000000002,243.6,458.6,423.20000000000005,52.4,163.7,455.70000000000005,57.800000000000004,274.2,234.29999999999998,51.900000000000006,27.0,93.80000000000001,174.0,64.2,56.699999999999996,35.7,195.2,433.0,347.6,5.799999999999999,59.39999999999999,512.3,388.49999999999994,118.10000000000001,37.99999999999999,71.7,267.09999999999997,243.10000000000002,435.1,443.09999999999997,440.4,115.49999999999999,296.7,129.6,429.2000000000001,446.1,454.4,147.5,385.8,382.30000000000007,295.4,230.3,28.199999999999996,439.3999999999999,427.7,260.5,417.20000000000005,409.1,395.0,197.20000000000002,170.8,195.6,373.9,417.79999999999995,127.2,370.6,335.1,157.6,387.0,63.89999999999999,391.9,336.90000000000003,324.5,98.1,216.49999999999994,254.50000000000006,271.0,295.2,281.0,109.9,19.2,268.6,54.99999999999999,306.1,125.39999999999998,28.099999999999994,287.0,292.0,267.80000000000007,269.2,227.19999999999996,197.09999999999997,254.89999999999998,99.6,128.79999999999998,18.4,3.1999999999999993,6.7,191.29999999999998,4.600000000000001,169.4,282.0,258.50000000000006,236.0,15.1,172.6,37.599999999999994,267.90000000000003,256.5,252.59999999999997,275.9,234.8,240.70000000000005,251.09999999999997,-0.19999999999999984,83.5,258.59999999999997,140.4,26.7,309.5,2.6,219.4,379.29999999999995,140.4,398.3999999999999,29.0,446.6,195.70000000000002,372.6,224.0,315.40000000000003,365.0,369.1,305.8,32.199999999999996,405.2,39.49999999999999,1.5,23.900000000000002,96.49999999999999,385.70000000000005,86.00000000000001,118.39999999999999,114.4,391.49999999999994,2.3,23.799999999999997,95.0,63.89999999999999,108.3,111.4,362.6,389.3,95.89999999999999,90.4,500.00000000000006,91.59999999999998,491.7999999999999,462.40000000000003,10.0,70.1,43.2,338.9,468.0,123.3,419.30000000000007,88.0,525.1,99.5,222.10000000000002,108.90000000000002,571.1,521.8000000000001,573.4,233.1,140.10000000000002,440.40000000000003,589.5000000000001,550.9,504.6,194.4,512.8000000000001,515.9,151.4,132.5,112.7,25.9,211.2,522.8,474.30000000000007,517.4,472.8,409.4000000000001,186.2,71.9,451.4,546.9,108.1,7.6,152.1,587.7,90.6,575.4,482.40000000000003,342.99999999999994,538.0999999999999,500.0,522.5,489.49999999999994,252.79999999999995,513.1,552.9999999999999,550.6999999999999,600.9,496.00000000000006,536.6,532.2,71.3,610.6,593.5,563.6,305.59999999999997,557.8999999999999,549.3000000000001,38.00000000000001,514.8999999999999,459.0,576.7,530.7,331.8,233.7,11.5,126.39999999999999,580.5,581.0999999999999,538.5,577.0,558.3000000000001,479.2,561.7,32.5,581.4999999999999,594.1,544.1,96.2,643.5000000000001,578.8000000000001,591.4999999999999,556.4000000000001,205.3,161.0,367.2,621.5,222.60000000000002,565.8000000000001,338.6,358.6,546.9,653.3000000000001,644.3000000000001,242.1,561.9,91.00000000000001,583.6,359.3,302.8,220.7,547.9000000000001,107.1,325.5,544.8000000000001,583.3,315.4,9.299999999999999,33.800000000000004,132.6,482.79999999999995,385.40000000000003,40.5,607.5,562.3,380.09999999999997,542.3,608.4,162.20000000000002,410.90000000000003,590.1000000000001,568.2,538.0,526.1,272.1,280.50000000000006,93.69999999999997,599.9,538.3,526.0999999999999,440.0,516.3000000000002,179.3,77.2,474.6,317.3,532.6,232.89999999999998,102.60000000000001,417.0,21.900000000000002,106.19999999999999,535.8,446.4,643.1999999999999,577.3,149.40000000000003,251.3,169.4,206.40000000000003,557.4,231.8,327.5,521.4,595.9000000000001,504.2,25.099999999999998,154.1,121.89999999999999,91.1,189.7,52.2,508.00000000000006,572.5999999999999,182.9,348.49999999999994,540.3,359.2,320.59999999999997,138.00000000000003,157.5,329.9,117.3,267.4,586.4,700.3,202.9,470.20000000000005,605.4,480.99999999999994,162.1,115.6,230.10000000000002,134.5,170.9,133.8,517.5999999999999,349.6,341.00000000000006,194.29999999999998,321.4,323.90000000000003,194.6,554.5,207.9,145.1,81.0,374.3,717.0,225.99999999999997,160.20000000000002,577.3000000000001,48.49999999999999,209.8,676.3000000000001,167.90000000000003,291.59999999999997,112.39999999999999,118.6,168.1,677.4,62.40000000000001,497.59999999999997,435.2,244.7,396.6000000000001,42.900000000000006,86.8,575.9,209.5,114.3,109.3,193.9,264.20000000000005,374.59999999999997,172.9,536.1999999999999,468.8,386.29999999999995,112.89999999999999,556.1,39.199999999999996,476.80000000000007,361.5,555.1,236.99999999999997,180.40000000000003,525.1,528.4000000000001,530.0999999999999,186.6,367.2,178.99999999999997,147.1,330.0,514.7,486.4,476.0,503.99999999999994,379.30000000000007,529.5999999999999,272.49999999999994,68.7,121.70000000000002,244.60000000000002,32.0,68.7,65.6,149.7,515.6,182.0,93.19999999999999,551.1,496.9000000000001,200.60000000000002,203.79999999999995,495.09999999999997,470.4,485.49999999999994,458.8,458.2,435.99999999999994,460.6,477.80000000000007,277.59999999999997,179.6,376.40000000000003,232.20000000000002,230.90000000000003,426.3,402.0,155.3,406.9,321.59999999999997,89.80000000000003,298.7,35.20000000000001,122.7,392.00000000000006,422.09999999999997,300.2,258.1,339.0,395.09999999999997,360.09999999999997,351.00000000000006,332.2,49.900000000000006,140.9,56.599999999999994,227.99999999999997,388.20000000000005,406.0,415.9,417.4,192.89999999999998,42.9,150.7,73.1,82.1,45.9,408.1,265.50000000000006,342.3,396.30000000000007,89.20000000000002,383.5,387.90000000000003,157.0,440.09999999999997,324.9,305.6,167.2,0.2,231.2,73.4,270.1,323.0,127.39999999999999,176.70000000000002,460.2,60.5,67.7,57.20000000000001,69.29999999999998,104.10000000000001,291.8,160.5,413.5,470.9,79.49999999999999,465.2,475.90000000000003,438.0,317.90000000000003,391.90000000000003,442.09999999999997,126.4,85.1,513.9,121.5,153.4,275.6,514.4000000000001,471.7,478.5,406.90000000000003,198.3,139.7,85.7,123.80000000000001,261.90000000000003,499.8999999999999,553.8000000000001,486.9,564.8999999999999,518.3,160.20000000000002,508.8,595.8000000000001,450.99999999999994,422.90000000000003,201.09999999999994,158.60000000000002,528.5,271.1,542.3000000000001,498.2,498.8,174.30000000000004,522.0,77.60000000000001,540.9,615.9,566.0,123.59999999999998,611.3,284.2,481.7,644.5,163.7,567.8000000000001,572.4,634.8000000000001,189.59999999999997,417.09999999999997,650.0,519.7,446.2,673.5,668.7000000000002,573.7,578.0000000000001,581.0000000000001,377.40000000000003,366.6,566.4000000000001,42.6,5.0,602.8000000000001,581.4,107.59999999999998,57.0,7.699999999999999,291.1,200.7,387.8999999999999,263.6,549.9,124.10000000000001,92.7,526.6,622.7,623.4000000000001,269.7,215.79999999999998,271.0,656.2,625.6999999999999,630.9999999999999,554.3,579.9,634.6999999999998,613.7999999999998,610.3,559.0,286.9,582.0999999999999,42.699999999999996,616.8,621.4,641.5,644.5,536.7,617.1999999999999,610.2,585.0999999999999,574.4000000000001,441.99999999999994,590.8000000000001,197.49999999999997,115.6,476.1000000000001,294.00000000000006,628.6,292.49999999999994,623.9,633.4000000000001,623.8999999999997,600.4,608.9,238.89999999999998,568.9,583.5,155.39999999999998,548.4999999999999,349.59999999999997,214.39999999999998,50.4,450.2,626.1999999999999,614.5,515.9,572.6999999999999,402.8,322.19999999999993,593.6999999999999,572.3,556.4000000000001,543.6,461.50000000000006,624.8,616.0,418.99999999999994,605.3000000000001,57.2,590.3000000000002,604.9,582.4,559.4999999999999,425.6,22.2,125.79999999999998,410.49999999999994,324.40000000000003,504.6,271.80000000000007,157.89999999999998,123.29999999999998,565.2,140.7,398.3,567.9,354.6000000000001,521.4,513.3,563.4,618.4,340.9,126.80000000000001,222.79999999999998,263.59999999999997,322.5,138.6,416.1
16,443.1,152.0,161.79999999999998,383.99999999999994,214.0,272.0,378.5,390.70000000000005,183.40000000000003,91.50000000000001,242.9,119.2,83.1,439.5,280.20000000000005,442.1,131.7,80.7,228.59999999999997,321.49999999999994,400.2,252.2,172.6,72.39999999999999,113.80000000000001,412.1,365.9,420.09999999999997,64.30000000000001,144.9,326.7,319.2,17.5,34.300000000000004,159.9,106.8,380.30000000000007,164.89999999999998,140.7,395.40000000000003,195.0,4.5,105.10000000000001,2.0,82.2,419.0,360.00000000000006,575.3,39.49999999999999,380.3999999999999,415.6,126.9,32.0,156.7,102.60000000000001,31.299999999999997,34.900000000000006,208.29999999999998,136.1,140.1,207.30000000000004,51.400000000000006,266.40000000000003,130.3,152.49999999999997,469.5,60.4,4.5,35.699999999999996,425.59999999999997,23.9,38.199999999999996,176.1,347.5,236.89999999999998,379.5,91.4,400.8,397.90000000000003,369.6,323.20000000000005,357.40000000000003,256.1,209.1,254.49999999999997,378.5,19.400000000000002,221.50000000000003,112.9,73.30000000000001,351.0,48.5,84.60000000000001,16.0,116.80000000000001,58.1,66.89999999999999,30.4,73.10000000000001,111.0,201.39999999999998,310.2,1.1,82.99999999999999,125.4,236.59999999999997,125.50000000000001,61.900000000000006,63.5,163.8,354.20000000000005,319.70000000000005,338.0,334.1,88.8,52.599999999999994,116.59999999999998,309.70000000000005,279.3,339.20000000000005,214.19999999999996,71.2,309.40000000000003,270.7,127.49999999999999,25.999999999999996,349.80000000000007,310.70000000000005,373.40000000000003,296.5,285.2,214.89999999999998,169.10000000000002,247.4,116.1,72.39999999999999,290.2,23.2,203.6,229.40000000000003,189.0,263.0,6.000000000000001,215.5,269.20000000000005,213.0,185.5,88.5,162.70000000000002,171.00000000000003,168.20000000000005,158.9,140.70000000000002,47.10000000000001,78.6,65.40000000000002,173.1,29.3,13.700000000000001,143.00000000000003,143.2,131.69999999999996,130.9,98.7,41.800000000000004,111.89999999999999,70.80000000000001,45.900000000000006,55.4,-0.5,3.5999999999999988,88.1,10.2,134.10000000000002,120.39999999999999,105.19999999999997,126.10000000000001,21.7,53.49999999999999,50.199999999999996,109.3,21.3,105.80000000000001,105.5,92.99999999999999,85.8,98.70000000000002,22.6,44.300000000000004,100.59999999999997,44.300000000000004,46.5,130.29999999999998,13.3,105.0,170.59999999999997,46.300000000000004,201.5,4.7,224.90000000000003,80.5,61.699999999999996,81.6,86.9,183.99999999999997,206.6,182.50000000000003,4.5,209.4,2.5,-0.5,3.4,151.10000000000002,226.89999999999998,35.300000000000004,62.99999999999999,84.3,247.8,-0.29999999999999993,14.700000000000001,141.50000000000003,29.699999999999996,66.5,79.7,203.7,229.0,89.8,100.5,328.5,203.20000000000002,285.0,209.1,39.199999999999996,49.1,14.799999999999999,334.29999999999995,311.9,53.9,257.9,61.5,352.5,277.30000000000007,124.89999999999999,57.2,379.2,322.7,400.09999999999997,204.59999999999997,249.39999999999998,323.79999999999995,432.6000000000001,403.19999999999993,369.5,133.69999999999996,369.90000000000003,375.1,91.6,127.6,16.0,3.3000000000000003,109.10000000000001,381.20000000000005,334.29999999999995,386.7,352.3,325.8,77.8,10.6,241.50000000000003,207.3,54.50000000000001,1.4000000000000001,436.2,239.30000000000004,52.00000000000001,400.4000000000001,344.00000000000006,341.40000000000003,421.8,263.09999999999997,375.7,218.3,68.39999999999999,259.9,252.20000000000002,282.9,426.49999999999994,459.3,422.7,364.7,60.599999999999994,474.0,462.69999999999993,428.6,192.79999999999998,442.5,156.4,5.5,449.5,350.79999999999995,459.90000000000003,224.20000000000002,132.89999999999998,150.29999999999998,4.4,58.0,450.3,464.20000000000005,468.69999999999993,487.3,426.5,427.8,444.79999999999995,88.39999999999999,499.2,497.7,480.09999999999997,153.8,498.09999999999997,482.2,471.00000000000006,440.8999999999999,90.8,97.09999999999998,168.2,326.7,354.6,448.8,149.5,301.6,455.4,440.2,603.6000000000001,515.0000000000001,436.30000000000007,64.10000000000001,475.40000000000003,114.10000000000001,365.5,415.40000000000003,440.50000000000006,159.79999999999998,150.20000000000002,370.7,421.4,312.40000000000003,235.59999999999997,9.1,146.50000000000003,509.29999999999995,242.2,64.70000000000002,598.5,447.2,233.6,465.2,499.29999999999995,213.6,485.90000000000003,466.90000000000003,455.20000000000005,437.5,415.0,362.29999999999995,145.20000000000002,68.2,488.4,427.09999999999997,428.2,387.3,354.0,404.69999999999993,81.80000000000001,443.4,461.09999999999997,210.99999999999994,479.9,50.199999999999996,350.1,28.699999999999992,63.8,462.8999999999999,503.59999999999997,490.2,411.90000000000003,406.19999999999993,190.20000000000002,131.2,108.79999999999998,84.3,26.599999999999998,390.59999999999997,98.2,350.9000000000001,122.5,9.2,103.39999999999999,124.30000000000001,29.9,66.8,217.90000000000003,464.6,407.70000000000005,246.6,290.5,273.1,457.5,235.2,109.29999999999998,564.3000000000001,206.10000000000002,365.2,216.69999999999996,376.90000000000003,117.6,258.50000000000006,280.50000000000006,515.1999999999999,332.8,427.79999999999995,522.0,254.50000000000003,164.0,131.7,107.80000000000001,159.9,531.7,479.79999999999995,300.0,353.2,414.3,143.7,303.2,334.5,260.3,113.9,254.4,287.1000000000001,520.2,105.40000000000002,462.99999999999994,25.5,48.1,498.8999999999999,81.1,132.8,118.5,104.39999999999999,93.89999999999999,506.5,152.79999999999998,334.49999999999994,197.09999999999997,156.29999999999998,190.0,354.19999999999993,164.8,450.99999999999994,156.9,49.4,86.6,118.60000000000001,529.1,202.1,103.6,405.7,205.9,111.3,228.7,423.2,38.6,427.7,203.0,275.90000000000003,298.00000000000006,277.59999999999997,369.7,330.6,415.90000000000003,127.60000000000001,162.29999999999998,154.70000000000002,88.3,16.200000000000003,365.2,354.6,349.09999999999997,345.30000000000007,185.4,377.3,371.80000000000007,51.59999999999999,133.89999999999998,144.5,112.7,26.6,17.1,167.70000000000005,180.3,48.39999999999999,109.1,369.6000000000001,334.4,185.7,118.20000000000002,330.4,224.49999999999997,319.40000000000003,268.5,276.9,243.60000000000005,264.2,300.0,217.0,77.2,241.60000000000002,211.60000000000002,111.8,116.49999999999999,220.19999999999996,75.4,88.49999999999999,81.5,107.60000000000001,87.0,45.6,20.9,15.299999999999999,69.70000000000002,148.29999999999998,180.40000000000003,181.8,189.5,171.2,171.7,146.9,33.199999999999996,31.0,16.8,191.5,165.9,185.8,201.7,194.70000000000002,184.9,3.5,75.5,269.9,61.300000000000004,-1.1102230246251565e-16,177.79999999999998,161.60000000000002,142.29999999999998,179.60000000000002,69.99999999999999,154.2,139.9,25.099999999999998,202.5,161.40000000000003,58.400000000000006,54.199999999999996,-0.2,29.599999999999998,87.6,153.70000000000002,143.0,3.8,99.80000000000001,224.6,39.1,15.5,189.9,11.3,130.5,178.4,188.8,212.5,248.00000000000003,20.5,260.5,269.2,231.0,111.20000000000002,182.79999999999998,83.0,167.8,222.39999999999998,182.29999999999998,148.2,66.39999999999999,195.0,321.6,121.39999999999999,292.9,180.9,71.2,69.80000000000001,70.4,8.3,216.5,335.09999999999997,361.7,374.90000000000003,257.19999999999993,356.7,179.00000000000003,342.2,411.00000000000006,336.8,129.2,59.300000000000004,81.30000000000001,370.99999999999994,88.7,367.29999999999995,376.1,342.5,105.6,360.8,118.8,118.1,427.90000000000003,313.79999999999995,91.9,489.40000000000003,277.90000000000003,450.59999999999997,487.1000000000001,70.60000000000001,427.9,404.3999999999999,477.70000000000005,148.2,318.0,496.8,382.9,200.1,504.6,501.40000000000003,406.09999999999997,428.8,459.8,279.90000000000003,97.50000000000001,373.1,0.40000000000000024,14.000000000000004,506.30000000000007,265.0,67.7,30.399999999999995,82.1,162.3,116.2,385.2,155.50000000000003,372.6,139.70000000000002,103.2,417.79999999999995,491.6,481.9,78.3,141.7,305.1,513.7,487.1,486.29999999999995,313.59999999999997,432.5,503.2,483.5,476.80000000000007,346.00000000000006,452.1000000000001,452.2,70.1,409.4999999999999,506.3,505.9,503.8,342.3,493.3999999999999,474.19999999999993,410.29999999999995,448.8,239.3,460.59999999999997,181.5,123.6,485.5,239.59999999999997,359.0,482.20000000000005,512.6999999999999,511.70000000000005,493.2,473.0999999999999,482.8,462.0,440.7,198.00000000000003,201.60000000000005,245.79999999999995,212.6,169.0,226.89999999999998,322.90000000000003,498.09999999999997,475.50000000000006,493.59999999999997,445.80000000000007,370.5,387.0,472.99999999999994,432.50000000000006,176.79999999999998,442.2,434.1,513.0,493.70000000000005,541.4000000000001,495.80000000000007,16.0,468.7,493.6000000000001,463.2,317.29999999999995,493.20000000000005,18.3,493.3999999999999,129.0,253.4,205.4,240.89999999999998,484.40000000000003,57.5,124.90000000000002,242.70000000000002,220.4,149.7,74.60000000000001,337.90000000000003,487.1,437.8,451.00000000000006,339.6,84.70000000000002,232.00000000000003,356.40000000000003,190.70000000000002,92.5,162.5
17,293.09999999999997,195.7,172.79999999999998,254.20000000000002,238.7,204.1,260.7,255.0,159.10000000000002,15.2,147.9,52.9,75.30000000000001,111.1,344.4000000000001,302.70000000000005,72.9,38.3,152.2,255.0,116.89999999999999,133.60000000000002,107.2,48.9,10.1,167.5,167.00000000000003,290.3,52.9,54.300000000000004,72.4,138.4,1.6,27.1,119.30000000000001,98.9,255.39999999999998,173.9,84.49999999999999,49.199999999999996,253.09999999999997,6.800000000000001,84.0,27.599999999999998,18.5,326.19999999999993,249.60000000000002,297.90000000000003,131.2,133.3,145.0,59.0,2.6,129.89999999999998,138.29999999999998,64.5,55.2,78.0,81.30000000000001,184.79999999999998,125.60000000000001,88.49999999999999,113.5,85.09999999999998,120.89999999999999,343.50000000000006,8.100000000000001,-1.2,76.2,75.0,26.2,123.69999999999999,112.69999999999999,255.1,203.4,254.79999999999995,296.9,258.80000000000007,256.70000000000005,251.0,246.40000000000003,225.79999999999998,166.60000000000002,196.70000000000002,155.6,235.70000000000005,16.6,71.2,227.3,49.3,36.5,-0.10000000000000009,35.4,-0.4,218.20000000000005,89.69999999999999,20.8,9.599999999999998,72.39999999999999,104.10000000000001,180.7,55.7,11.0,110.0,64.0,213.99999999999997,0.8999999999999999,56.199999999999996,16.9,119.9,167.0,169.29999999999998,184.1,178.8,40.300000000000004,75.39999999999999,155.0,154.70000000000002,167.7,158.10000000000002,48.5,113.5,42.3,56.1,26.400000000000006,27.0,50.4,134.60000000000002,122.9,126.2,116.4,91.60000000000001,50.4,73.60000000000001,43.900000000000006,3.0,32.9,1.2999999999999998,77.5,95.59999999999998,57.8,80.6,-0.3,37.1,35.199999999999996,50.69999999999999,51.60000000000001,30.299999999999997,23.400000000000002,45.00000000000001,34.4,26.300000000000004,26.799999999999997,1.0000000000000002,12.899999999999997,18.1,28.70000000000001,0.5999999999999996,-1.5,18.099999999999994,16.0,13.799999999999995,14.5,8.199999999999998,39.699999999999996,1.6000000000000003,13.399999999999995,-0.1,-0.2000000000000001,-0.7000000000000002,-0.7,2.5,0.30000000000000004,1.9999999999999996,6.699999999999998,-1.2999999999999998,2.4000000000000012,-2.1,-0.5,-0.5000000000000001,0.39999999999999974,1.0000000000000004,4.7,1.9000000000000004,3.4000000000000012,5.8,4.4,-0.9999999999999998,0.29999999999999993,3.0999999999999988,6.500000000000001,-0.39999999999999986,7.1,0.2,2.1,8.9,3.7,23.900000000000002,4.3,36.7,14.799999999999999,15.0,11.2,10.799999999999999,27.299999999999997,34.3,26.800000000000004,-1.1102230246251565e-16,33.1,-0.2,-0.5,-0.3,2.9,41.2,5.7,14.400000000000002,15.6,7.0,-0.1,1.5,42.0,15.1,12.600000000000001,21.900000000000006,46.199999999999996,48.699999999999996,2.2,6.4,37.800000000000004,69.30000000000001,97.4,68.10000000000001,5.0,4.4,25.599999999999994,85.10000000000001,105.0,0.30000000000000004,53.3,-0.3999999999999998,122.69999999999999,27.1,19.5,36.199999999999996,142.9,85.9,162.90000000000003,65.4,80.5,87.39999999999999,206.99999999999997,173.9,117.7,38.199999999999996,174.20000000000002,164.1,30.6,29.599999999999998,26.500000000000004,4.6,119.0,189.39999999999998,147.20000000000002,190.69999999999996,178.50000000000003,178.29999999999998,45.2,4.0,62.5,133.70000000000005,19.7,0.8000000000000002,202.4,84.90000000000002,15.100000000000001,160.8,160.4,110.3,218.7,193.60000000000002,189.5,170.20000000000002,82.9,202.79999999999995,186.4,68.2,262.2,186.90000000000003,241.8,147.49999999999997,71.9,149.80000000000004,273.3,249.9,99.89999999999999,270.09999999999997,264.9,0.7999999999999999,259.5,171.29999999999998,287.30000000000007,116.6,92.09999999999998,96.4,5.8999999999999995,30.0,282.7,292.1,302.4,306.2,264.90000000000003,250.4,274.5,23.999999999999996,259.79999999999995,322.70000000000005,306.4,105.80000000000001,310.1,299.90000000000003,292.2,274.9,119.3,12.4,165.8,154.99999999999997,68.0,275.30000000000007,130.4,113.10000000000002,243.99999999999997,360.9,181.0,366.09999999999997,201.70000000000002,7.800000000000001,269.90000000000003,72.89999999999998,255.80000000000004,139.2,281.7,90.6,87.70000000000002,285.0,279.0,125.60000000000001,48.400000000000006,85.19999999999999,107.49999999999999,284.09999999999997,158.6,34.99999999999999,280.8,300.8,195.1,354.90000000000003,337.0999999999999,108.2,322.9,300.5,298.99999999999994,283.8,278.4,300.2,341.59999999999997,14.700000000000003,342.09999999999997,295.8,278.3,279.2,300.40000000000003,144.60000000000002,49.7,274.0,301.9,289.7,227.1,71.60000000000001,172.20000000000002,43.699999999999996,91.19999999999999,309.40000000000003,236.5,341.20000000000005,181.7,280.5,121.60000000000002,127.00000000000001,73.7,284.40000000000003,109.7,175.6,150.5,369.4,114.8,0.7999999999999996,97.3,32.5,38.1,71.10000000000001,187.8,315.79999999999995,133.8,167.50000000000003,209.4,101.6,205.0,98.5,49.300000000000004,95.2,77.69999999999999,330.59999999999997,192.7,232.09999999999997,151.1,192.2,309.1,266.9,360.29999999999995,261.4,185.4,95.7,83.3,126.50000000000001,54.5,91.4,316.79999999999995,148.70000000000002,116.50000000000001,360.0,467.20000000000005,18.099999999999998,142.79999999999998,249.49999999999997,115.9,80.60000000000001,110.60000000000001,207.8,51.400000000000006,90.9,317.90000000000003,1.6,8.1,121.69999999999999,71.1,72.3,33.900000000000006,93.3,297.40000000000003,102.7,2.6,59.39999999999999,168.9,54.6,101.79999999999998,79.39999999999999,66.6,270.3,18.0,10.5,11.600000000000001,55.9,208.0,78.39999999999999,90.19999999999999,229.59999999999997,100.80000000000001,82.80000000000001,89.7,234.9,30.3,313.9,66.1,222.60000000000002,186.1,221.1,188.6,118.1,225.20000000000005,100.10000000000001,81.89999999999999,1.8,9.100000000000001,5.0,167.3,149.79999999999998,151.1,151.8,52.7,152.40000000000003,163.9,37.2,76.69999999999999,116.8,131.2,5.8999999999999995,13.700000000000001,33.6,22.699999999999996,9.8,20.599999999999998,130.4,109.5,60.10000000000001,41.5,72.89999999999999,103.30000000000001,98.8,70.1,78.5,66.5,82.00000000000001,80.7,68.0,60.5,54.7,36.0,21.6,17.0,52.89999999999999,13.799999999999999,8.9,23.3,4.5,3.6999999999999997,6.0,2.6999999999999997,3.8,25.0,12.200000000000001,20.100000000000005,17.0,11.499999999999998,14.6,11.3,9.6,1.0,1.7,-0.7000000000000001,8.8,9.3,9.7,26.8,29.6,6.1,-0.09999999999999998,0.39999999999999997,1.2999999999999998,2.4000000000000004,1.3,15.7,6.6000000000000005,4.1,12.9,0.7,6.9,2.8,0.5,19.299999999999997,5.1000000000000005,8.5,2.1,0.0,0.4999999999999999,5.699999999999999,8.1,9.5,-0.5999999999999999,4.4,20.599999999999998,0.9999999999999998,0.5,9.899999999999999,7.7,11.1,39.9,26.0,33.9,57.599999999999994,-0.10000000000000009,57.8,37.9,47.1,32.5,21.8,0.8999999999999999,26.9,34.4,47.300000000000004,20.400000000000002,13.7,32.3,91.4,6.000000000000001,80.8,55.3,24.7,19.799999999999997,3.8,0.4,18.200000000000003,103.0,97.89999999999999,53.1,129.1,123.29999999999998,75.49999999999999,125.3,146.9,43.699999999999996,33.1,65.69999999999999,27.1,132.9,36.3,140.10000000000002,125.30000000000001,135.9,47.0,145.6,39.599999999999994,23.3,155.70000000000002,161.4,83.50000000000001,240.9,55.5,88.1,253.50000000000006,238.79999999999995,135.60000000000002,204.0,254.2,68.90000000000002,102.6,266.70000000000005,178.1,164.8,78.40000000000003,275.3,192.9,223.6,254.4,128.1,197.3,230.39999999999998,15.6,0.4,152.9,109.19999999999999,29.799999999999997,1.9,76.8,95.89999999999999,60.8,188.49999999999997,208.29999999999998,207.1,12.3,29.2,276.5,302.20000000000005,291.1,59.8,98.49999999999999,233.60000000000002,316.1,298.8,300.2,121.1,255.49999999999997,304.40000000000003,300.0,287.99999999999994,186.89999999999998,257.8,298.7,34.4,134.0,285.3,327.6,257.3,238.19999999999996,311.8,305.59999999999997,243.79999999999998,270.2,142.1,285.8,74.9,9.8,262.20000000000005,141.9,334.79999999999995,142.90000000000003,338.40000000000003,159.8,315.90000000000003,301.49999999999994,314.8,303.40000000000003,310.7,181.60000000000002,127.0,160.7,255.49999999999997,128.5,166.50000000000003,153.90000000000003,327.70000000000005,311.70000000000005,292.2,284.1,151.49999999999997,344.70000000000005,316.7,284.1,325.8999999999999,288.9,210.8,335.5,329.2,211.70000000000002,232.60000000000002,66.5,319.0,340.8,310.0,54.6,153.89999999999998,12.700000000000001,339.2,27.1,342.40000000000003,170.60000000000005,123.19999999999999,372.9,3.2,70.6,122.10000000000001,298.40000000000003,204.10000000000002,55.4,314.40000000000003,300.1,282.8,288.2,365.29999999999995,54.6,264.59999999999997,183.29999999999998,211.0,36.5,47.300000000000004
18,143.40000000000003,103.8,94.10000000000001,109.0,69.19999999999999,67.0,108.0,117.8,66.4,4.6,141.70000000000002,22.1,-0.09999999999999998,96.99999999999999,147.7,157.20000000000002,26.7,16.2,123.2,130.4,45.2,140.8,50.79999999999999,7.2,45.3,151.9,96.7,149.79999999999998,-0.09999999999999998,54.3,46.60000000000001,24.599999999999998,0.29999999999999993,-0.09999999999999998,104.5,9.899999999999999,123.0,87.1,12.599999999999998,78.1,88.8,0.19999999999999996,0.5,6.100000000000001,4.6,156.8,126.50000000000001,92.30000000000001,13.7,75.8,21.7,61.6,-1.1102230246251565e-16,6.0,47.5,39.4,29.6,6.3,30.699999999999996,76.9,39.699999999999996,55.3,61.0,32.4,39.199999999999996,38.5,1.1102230246251565e-16,0.3,24.799999999999997,62.3,15.999999999999998,4.4,49.1,132.70000000000002,104.10000000000001,105.29999999999998,109.4,93.5,99.0,95.70000000000002,99.20000000000002,85.9,19.8,79.10000000000001,62.900000000000006,86.4,0.5,13.9,9.1,20.0,88.1,-0.4,32.7,-0.30000000000000004,33.1,52.49999999999999,1.2999999999999998,-0.09999999999999998,35.599999999999994,37.8,5.2,22.499999999999996,-0.3,3.0999999999999996,20.5,13.4,0.6000000000000001,0.6,0.0,55.2,1.9,28.300000000000004,32.7,19.9,1.6,27.4,12.299999999999999,12.1,34.300000000000004,5.0,3.0999999999999996,2.1,5.551115123125783e-17,0.5,0.10000000000000003,-0.19999999999999998,0.9999999999999999,0.6,0.20000000000000007,0.7999999999999999,0.7,0.0,0.4,-0.30000000000000004,-0.20000000000000007,-0.5,-0.20000000000000007,-0.2,0.30000000000000004,0.30000000000000004,0.19999999999999996,-0.4,-0.2,0.09999999999999998,-0.1,-0.30000000000000004,-0.30000000000000004,-0.30000000000000004,-0.1,-0.4,-0.5,-0.2,0.0,0.0,-0.3,-0.2,-0.2,0.0,0.0,0.0,0.0,0.0,0.0,0.0,0.0,0.0,0.0,0.0,0.0,0.0,0.0,0.0,0.0,0.0,0.0,0.0,0.0,0.0,0.0,0.0,0.0,0.0,0.0,0.0,0.0,-0.2,0.0,-0.3,0.0,0.0,0.0,-0.2,0.0,0.0,0.0,0.0,0.0,-0.3,0.0,0.0,0.0,-0.3,-0.2,-0.3,-0.3,0.0,0.0,-0.2,0.0,-0.2,-0.3,-0.2,-0.2,0.0,-0.2,0.0,0.0,-0.2,-0.2,-0.2,-0.5,-0.2,-0.3,-0.3,-0.3,-0.3,-0.3,0.0,-0.30000000000000004,-0.19999999999999998,-0.30000000000000004,-0.6,-0.3,-0.3,-0.3,0.19999999999999996,-1.1,-0.3,-0.5,0.3,-0.7999999999999998,-0.7999999999999998,-1.1,-0.7,0.3,-0.3999999999999999,1.8000000000000003,-1.1,-0.2,0.49999999999999983,1.1,2.0999999999999996,0.1,-0.3,5.0,4.8999999999999995,-0.10000000000000012,-0.20000000000000007,3.6,0.6,4.300000000000001,9.3,7.2,17.5,13.700000000000001,16.6,4.299999999999999,0.6,2.0999999999999996,14.799999999999999,-0.29999999999999993,0.5,19.4,8.3,0.4999999999999999,18.599999999999998,21.4,16.5,35.8,37.6,33.2,39.00000000000001,1.9000000000000001,43.3,30.400000000000002,3.0999999999999996,58.800000000000004,54.8,59.3,23.4,1.3,27.900000000000002,67.60000000000001,67.9,127.39999999999999,76.9,56.4,-0.20000000000000007,62.3,49.900000000000006,89.4,37.8,15.0,38.4,0.5,4.1,104.4,94.8,99.0,109.89999999999999,90.0,79.60000000000001,103.0,0.1,114.39999999999999,117.9,113.2,48.300000000000004,117.2,110.2,108.30000000000001,97.1,31.000000000000004,9.6,55.6,33.9,25.7,95.3,29.5,35.4,55.2,72.69999999999999,101.69999999999999,128.8,61.699999999999996,-0.9,45.7,56.3,102.10000000000001,35.8,77.69999999999999,52.2,57.5,90.6,114.10000000000001,85.39999999999999,11.4,12.100000000000001,66.2,138.60000000000002,87.00000000000001,4.7,136.3,137.29999999999998,78.89999999999999,143.5,142.8,48.4,154.0,175.1,140.4,137.29999999999998,121.4,65.9,133.99999999999997,3.7,210.79999999999998,136.5,89.79999999999998,108.80000000000003,114.90000000000002,147.79999999999998,-0.30000000000000004,140.8,143.2,152.0,115.79999999999998,78.30000000000001,62.3,2.8,120.40000000000002,162.6,211.00000000000003,167.6,65.79999999999998,194.50000000000003,114.40000000000002,6.699999999999999,14.0,72.10000000000001,58.9,128.10000000000002,16.799999999999997,174.99999999999997,38.4,0.30000000000000004,59.099999999999994,2.3,2.5,27.7,24.8,175.29999999999998,94.59999999999998,75.10000000000001,146.89999999999998,136.79999999999998,94.09999999999998,90.00000000000001,2.4000000000000004,72.5,48.699999999999996,91.30000000000001,248.3,201.49999999999997,164.89999999999998,75.3,131.7,187.3,149.5,45.4,74.2,36.2,36.0,156.8,14.7,42.7,141.1,16.299999999999997,81.60000000000001,35.900000000000006,61.99999999999999,0.6000000000000001,57.4,67.5,39.80000000000001,4.1,44.2,153.50000000000003,5.1,66.2,126.1,7.1000000000000005,94.0,24.900000000000002,35.49999999999999,62.50000000000001,4.5,28.599999999999998,2.2,38.099999999999994,-0.09999999999999998,154.49999999999997,53.8,0.7,29.400000000000002,7.3999999999999995,28.000000000000004,37.199999999999996,0.4999999999999999,1.9,9.3,16.3,77.1,10.0,7.0,56.900000000000006,18.5,7.6000000000000005,10.0,50.400000000000006,-0.19999999999999996,11.1,7.8,28.299999999999997,15.700000000000001,23.5,6.800000000000001,67.9,6.3999999999999995,2.9,0.9,-0.4,-0.30000000000000004,0.09999999999999995,5.6000000000000005,2.4,3.0,0.6000000000000001,6.9,2.5,2.2,1.7,-0.10000000000000014,-0.6000000000000001,-0.3,-0.2,-0.4,-0.4,0.19999999999999996,-0.2,0.20000000000000004,0.2,-0.19999999999999998,-0.3,-0.2,-0.19999999999999998,-0.3,-0.3,-0.2,-0.4,-0.5,-0.4,-0.4,-0.2,-0.2,-0.2,-0.2,0.0,0.0,0.0,0.0,0.0,0.0,0.0,0.0,0.0,0.0,0.0,0.0,0.0,0.0,0.0,0.0,0.0,0.0,0.0,0.0,0.0,0.0,0.0,0.0,0.0,0.0,0.0,0.0,0.0,0.0,0.0,0.0,0.0,0.0,0.0,0.0,0.0,0.0,0.0,0.0,0.0,0.0,0.0,0.0,0.0,0.0,0.0,0.0,0.0,0.0,0.0,0.0,0.0,0.0,0.0,0.0,0.0,0.0,0.0,0.0,0.0,0.0,0.0,0.0,0.0,0.0,-0.1,0.0,0.0,-0.2,0.0,-0.2,0.0,-0.2,-0.1,-0.30000000000000004,0.0,-0.30000000000000004,-0.3,-0.1,-0.2,0.0,0.09999999999999998,0.30000000000000004,-0.8999999999999999,-0.3,-0.7,2.7755575615628914e-17,-0.19999999999999998,-0.3,0.4,0.6,0.2,0.1,0.19999999999999984,-1.1,-0.6,-0.30000000000000004,0.5000000000000001,1.4,0.7999999999999999,1.2,0.10000000000000014,-0.10000000000000003,-0.9000000000000001,2.1,2.1999999999999997,1.1102230246251565e-16,10.5,1.3877787807814457e-16,7.3,27.099999999999998,26.3,6.5,11.999999999999998,33.2,9.1,12.500000000000002,38.0,12.8,19.2,40.199999999999996,26.7,26.0,37.6,46.8,19.4,1.6,12.299999999999999,-0.4,-0.30000000000000004,24.700000000000003,14.399999999999999,0.0999999999999999,6.3,2.4,19.3,4.5,47.900000000000006,58.599999999999994,53.400000000000006,1.3,7.5,56.9,79.60000000000001,79.0,11.0,33.2,64.2,90.60000000000001,94.1,94.80000000000001,66.50000000000001,70.00000000000001,100.69999999999999,102.69999999999999,89.8,63.6,72.2,83.1,0.9,2.8000000000000003,114.69999999999999,111.10000000000001,112.80000000000001,102.19999999999999,110.8,112.6,85.0,83.00000000000001,37.5,97.7,5.8,11.1,99.60000000000001,28.3,129.70000000000002,85.10000000000001,120.9,131.5,125.89999999999999,120.4,123.59999999999998,118.19999999999999,116.79999999999998,79.39999999999999,64.3,46.400000000000006,46.1,39.7,52.4,74.4,146.40000000000003,130.4,121.2,121.59999999999998,91.6,145.29999999999998,138.1,124.4,65.50000000000001,125.30000000000001,116.10000000000002,164.9,143.6,171.8,31.2,71.0,150.80000000000004,176.0,144.6,117.10000000000001,88.7,2.0,153.8,7.5,132.9,91.0,68.10000000000001,204.8,45.50000000000001,65.8,61.400000000000006,166.20000000000002,131.0,23.800000000000004,142.2,161.7,124.1,148.50000000000003,157.9,18.8,170.09999999999997,204.79999999999998,180.3,48.30000000000001,16.0
19,19.9,11.9,44.7,22.6,7.1000000000000005,4.8,22.8,19.7,-0.5999999999999999,-0.4,27.5,0.39999999999999997,-0.4,22.9,17.8,9.4,2.7755575615628914e-17,2.3,22.499999999999996,19.5,16.4,31.1,27.5,0.30000000000000004,-0.10000000000000009,19.6,21.2,32.7,-0.30000000000000004,-1.0999999999999996,16.4,5.1,0.4,0.39999999999999997,42.00000000000001,1.0999999999999999,27.9,25.6,-2.220446049250313e-16,-0.4,15.4,-0.1,0.6,-2.7755575615628914e-17,0.8,16.2,29.4,5.3,7.5,5.3,0.0,-0.09999999999999992,-0.30000000000000004,4.8999999999999995,0.09999999999999998,5.3,-0.7000000000000001,0.4,10.4,9.4,4.8999999999999995,7.0,4.1,3.3,22.9,25.799999999999997,-1.6,-0.30000000000000004,0.4999999999999999,0.8,-1.1,3.8000000000000003,31.6,4.0,-0.10000000000000009,0.3999999999999999,2.5,1.4,0.5,0.4,-0.29999999999999993,-0.30000000000000004,-0.8,-0.30000000000000016,-0.20000000000000018,-0.4,-0.3,-0.9000000000000001,-0.30000000000000004,-0.9,-0.30000000000000004,-0.1,-0.4,-0.3,-0.5,-0.5,-0.1,0.0,-0.4,-0.5,-0.2,0.0,-0.2,0.0,-0.2,-0.3,0.0,0.0,0.0,-0.2,0.0,0.0,0.0,0.0,0.0,0.0,0.0,0.0,0.0,0.0,0.0,0.0,0.0,0.0,0.0,0.0,0.0,0.0,0.0,0.0,0.0,0.0,0.0,0.0,0.0,0.0,0.0,0.0,0.0,0.0,0.0,0.0,0.0,0.0,0.0,0.0,0.0,0.0,0.0,0.0,0.0,0.0,0.0,0.0,0.0,0.0,0.0,0.0,0.0,0.0,0.0,0.0,0.0,0.0,0.0,0.0,0.0,0.0,0.0,0.0,0.0,0.0,0.0,0.0,0.0,0.0,0.0,0.0,0.0,0.0,0.0,0.0,0.0,0.0,0.0,0.0,0.0,-0.4,0.0,0.0,0.0,0.0,0.0,0.0,0.0,0.0,0.0,-0.2,0.0,0.0,0.0,-0.2,-0.2,-0.2,-0.2,0.0,0.0,-0.2,0.0,-0.2,0.0,-0.2,-0.2,0.0,-0.2,0.0,0.0,-0.2,-0.2,-0.2,-0.2,0.0,-0.2,-0.2,-0.2,0.0,-0.2,0.0,0.0,-0.2,0.0,0.0,-0.3,-0.2,-0.3,-0.2,0.0,-0.2,0.0,0.0,0.0,-0.2,-0.2,-0.3,0.0,0.0,0.0,-0.3,-0.2,0.0,0.0,-0.3,0.0,-0.2,0.0,0.0,-0.2,0.0,0.0,0.0,0.0,0.0,0.0,0.0,0.0,0.0,0.0,0.0,0.0,0.0,0.0,0.0,0.0,0.0,0.0,0.0,0.0,0.0,0.0,0.0,0.0,0.0,0.0,0.0,0.0,0.0,0.0,0.0,0.0,0.0,0.0,0.0,0.1,0.1,0.0,0.0,0.0,0.0,0.5,0.5,0.5,0.0,0.1,-0.1,0.0,0.0,0.5,0.7,0.5,0.0,0.6,0.19999999999999996,-0.6,0.0,1.1,1.1,0.30000000000000004,0.5,1.1,0.09999999999999987,1.1,0.7000000000000001,0.5,-0.20000000000000007,0.6000000000000001,2.5,0.0,1.6,0.7,0.7,-2.7755575615628914e-17,-0.30000000000000004,1.6,4.5,0.9000000000000001,0.0,16.900000000000002,0.6,2.4000000000000004,5.1000000000000005,6.1000000000000005,1.0999999999999999,2.1999999999999997,2.5999999999999996,11.4,1.7000000000000002,-0.1,0.0,24.9,10.200000000000003,3.5999999999999996,0.1,27.999999999999996,17.1,3.9,18.7,13.000000000000002,10.4,22.299999999999997,16.1,22.199999999999996,19.700000000000003,9.399999999999999,14.8,26.1,0.49999999999999994,24.5,30.6,20.1,29.1,48.6,4.3,0.7,27.999999999999996,26.799999999999997,21.599999999999998,23.5,1.1,9.3,1.7,0.6,24.7,22.2,28.599999999999998,6.8,29.599999999999998,10.899999999999999,-0.10000000000000009,-0.20000000000000004,3.4,28.900000000000006,6.3999999999999995,60.6,8.600000000000001,0.8999999999999997,-0.29999999999999993,19.799999999999997,0.9,1.2,12.4,0.9999999999999998,31.499999999999996,10.5,23.2,45.099999999999994,12.0,25.000000000000004,29.799999999999997,2.4,3.5,3.4999999999999996,51.4,20.5,46.7,47.2,24.4,25.9,26.2,20.999999999999996,20.2,1.7000000000000002,6.1,-0.1,17.0,-0.5000000000000001,9.8,12.100000000000001,11.800000000000002,68.0,22.0,13.899999999999999,1.8,2.0,4.2,0.29999999999999993,-0.5000000000000001,-0.5,15.100000000000001,-0.19999999999999993,3.6,5.3999999999999995,1.9000000000000001,23.8,0.10000000000000006,2.3,-0.19999999999999996,-0.2,0.4999999999999999,-0.2,-0.5,-0.2,-0.4,-0.8999999999999999,0.0,-0.2,-0.4,-0.7999999999999999,-0.1,-0.2,0.0,-0.1,-0.4,0.09999999999999998,-0.2,-0.1,-0.1,-0.2,0.0,-0.2,-0.2,0.0,0.0,0.0,0.0,0.0,0.0,0.0,0.0,0.0,0.0,0.0,0.0,0.0,0.0,0.0,0.0,0.0,0.0,0.0,0.0,0.0,0.0,0.0,0.0,0.0,0.0,0.0,0.0,0.0,0.0,0.0,0.0,0.0,0.0,0.0,0.0,0.0,0.0,0.0,0.0,0.0,0.0,0.0,0.0,0.0,0.0,0.0,0.0,0.0,0.0,0.0,0.0,0.0,0.0,0.0,0.0,0.0,0.0,0.0,0.0,0.0,0.0,0.0,0.0,0.0,0.0,0.0,0.0,0.0,0.0,0.0,0.0,0.0,0.0,0.0,0.0,0.0,0.0,0.0,0.0,0.0,0.0,0.0,0.0,0.0,0.0,0.0,0.0,0.0,0.0,0.0,0.0,0.0,0.0,0.0,0.0,0.0,0.0,0.0,0.0,0.0,0.0,0.0,0.0,0.0,0.0,0.0,0.0,0.0,0.0,0.0,0.0,0.0,0.0,0.0,0.0,0.0,0.0,0.0,0.0,0.0,0.0,0.0,0.0,0.0,0.0,0.0,0.0,0.0,0.0,0.0,0.0,0.0,0.0,0.0,0.0,0.0,0.0,0.0,0.0,0.0,0.0,0.0,0.0,0.0,0.0,0.0,0.0,0.0,0.0,0.0,0.0,0.0,0.0,0.0,0.0,0.0,0.0,0.0,0.0,0.0,0.0,0.0,0.0,0.0,0.0,0.0,0.0,0.0,0.0,0.0,0.0,0.0,0.0,0.0,0.0,0.0,0.0,0.0,0.0,0.0,0.0,0.0,0.0,0.0,-0.2,-0.3,-0.2,0.0,-0.2,-0.4,0.2,-0.19999999999999998,-0.2,-0.2,0.30000000000000004,0.30000000000000004,0.30000000000000004,0.2,0.09999999999999998,0.2,0.09999999999999995,0.19999999999999996,0.10000000000000003,0.2,-0.7999999999999999,-0.7000000000000001,0.0,-0.2,0.30000000000000004,0.6,0.30000000000000004,-0.4000000000000001,1.4,1.2,0.19999999999999984,0.30000000000000004,-0.3,1.5,-0.2,1.7999999999999998,1.0,0.20000000000000004,1.4999999999999998,1.2,0.8999999999999999,1.8,3.3000000000000003,4.8999999999999995,2.6999999999999997,2.9,1.8,2.3999999999999995,0.8999999999999999,2.0,0.7999999999999998,1.0,30.2,1.1999999999999997,16.1,8.3,6.6000000000000005,7.4,9.5,17.7,10.599999999999998,10.700000000000001,15.3,11.6,6.499999999999999,17.1,15.6,22.1,2.3,3.7,28.900000000000002,33.6,15.500000000000002,31.499999999999996,7.9,-0.2,26.900000000000006,-0.5,4.7,28.9,2.1,7.4,8.7,10.700000000000001,5.6,32.900000000000006,8.8,5.5,38.2,26.700000000000003,10.8,39.599999999999994,30.9,-0.1,31.7,3.1999999999999997,7.8,10.1,-0.20000000000000015
20,-0.2,0.0,-0.2,-0.2,0.0,0.0,-0.2,-0.2,-0.2,0.0,-0.2,0.0,0.0,0.0,-0.2,-0.2,0.0,0.0,-0.2,-0.4,0.3,-0.4,-0.2,0.0,-0.2,-0.3,-0.3,-0.4,0.0,0.0,-0.2,-0.2,-0.2,0.0,0.2,0.0,-0.4,-0.1,0.0,-0.2,-0.2,0.0,0.0,0.0,-0.2,-0.2,-0.2,-0.2,-0.2,-0.2,0.0,-0.2,-0.7,0.0,0.0,0.0,0.0,0.0,-1.5,-0.2,0.0,-0.2,0.0,0.0,-0.2,0.0,0.0,0.0,0.0,0.0,0.0,-0.3,-0.2,-0.2,-0.3,0.0,-0.2,0.0,0.0,-0.3,-0.3,-0.2,-0.2,-0.2,-0.3,-0.2,-0.2,-0.3,-0.2,-0.2,-0.2,0.0,-0.3,-0.2,0.0,0.0,0.0,0.0,0.0,0.0,0.0,0.0,0.0,0.0,0.0,0.0,0.0,0.0,0.0,0.0,0.0,0.0,0.0,0.0,0.0,0.0,0.0,0.0,0.0,0.0,0.0,0.0,0.0,0.0,0.0,0.0,0.0,0.0,0.0,0.0,0.0,0.0,0.0,0.0,0.0,0.0,0.0,0.0,0.0,0.0,0.0,0.0,0.0,0.0,0.0,0.0,0.0,0.0,0.0,0.0,0.0,0.0,0.0,0.0,0.0,0.0,0.0,0.0,0.0,0.0,0.0,0.0,0.0,0.0,0.0,0.0,0.0,0.0,0.0,0.0,0.0,0.0,0.0,0.0,0.0,0.0,0.0,0.0,0.0,0.0,0.0,0.0,0.0,0.0,0.0,0.0,0.0,-0.2,0.0,0.0,0.0,0.0,0.0,0.0,0.0,0.0,0.0,-0.2,0.0,0.0,0.0,-0.3,-0.2,-0.2,-0.2,0.0,0.0,-0.2,0.0,-0.2,-0.2,-0.2,-0.2,0.0,-0.2,0.0,0.0,-0.2,-0.2,-0.2,-0.2,0.0,-0.3,-0.2,-0.2,0.0,-0.2,0.0,0.0,-0.2,0.0,0.0,-0.2,-0.2,-0.2,0.0,0.0,-0.2,0.0,0.0,0.0,-0.2,-0.2,-0.3,0.0,0.0,0.0,-0.3,-0.3,0.0,0.0,-0.2,0.0,-0.2,0.0,0.0,-0.2,0.0,0.0,0.0,0.0,0.0,0.0,0.0,0.0,0.0,0.0,0.0,0.0,0.0,0.0,0.0,0.0,0.0,0.0,0.0,0.0,0.0,0.0,0.0,0.0,0.0,0.0,0.0,0.0,0.0,0.0,0.0,0.0,0.0,0.0,0.0,0.0,0.0,0.0,0.0,0.0,0.0,0.0,0.0,0.0,0.0,0.0,0.0,0.0,0.0,0.0,0.0,0.0,0.0,0.0,0.0,0.0,0.0,0.0,0.0,0.0,0.0,0.0,0.0,0.0,0.0,0.0,0.0,0.0,0.0,0.0,0.0,0.0,0.0,0.0,0.0,0.0,0.0,0.0,0.0,0.0,0.0,0.0,0.0,0.0,0.0,0.0,0.0,0.0,0.0,0.0,0.0,0.0,0.0,0.0,0.0,0.0,0.0,0.0,0.0,0.0,0.0,0.0,0.0,0.0,0.0,0.0,0.0,0.0,0.0,0.0,0.0,0.0,0.0,-0.6,0.0,0.0,0.1,0.0,0.0,0.0,0.0,0.0,0.0,0.0,0.5,-0.4,0.0,0.0,-0.2,-0.2,0.0,0.0,0.0,-0.5,-0.1,-0.3,-0.2,-0.2,-0.2,-0.2,0.0,0.0,-1.5,-1.5,-0.3,-0.2,-0.2,-0.2,-0.1,-0.2,0.0,-0.1,-0.2,-0.2,-0.5,-0.2,0.19999999999999996,-0.2,-0.1,-0.2,-0.2,0.0,0.0,0.0,-0.2,0.0,0.0,0.0,0.0,0.0,-0.2,0.0,0.0,0.0,0.0,0.0,0.0,0.0,0.0,0.0,0.0,0.0,0.0,0.0,0.0,0.0,0.0,0.0,0.0,0.0,0.0,0.0,0.0,0.0,0.0,0.0,0.0,0.0,0.0,0.0,0.0,0.0,0.0,0.0,0.0,0.0,0.0,0.0,0.0,0.0,0.0,0.0,0.0,0.0,0.0,0.0,0.0,0.0,0.0,0.0,0.0,0.0,0.0,0.0,0.0,0.0,0.0,0.0,0.0,0.0,0.0,0.0,0.0,0.0,0.0,0.0,0.0,0.0,0.0,0.0,0.0,0.0,0.0,0.0,0.0,0.0,0.0,0.0,0.0,0.0,0.0,0.0,0.0,0.0,0.0,0.0,0.0,0.0,0.0,0.0,0.0,0.0,0.0,0.0,0.0,0.0,0.0,0.0,0.0,0.0,0.0,0.0,0.0,0.0,0.0,0.0,0.0,0.0,0.0,0.0,0.0,0.0,0.0,0.0,0.0,0.0,0.0,0.0,0.0,0.0,0.0,0.0,0.0,0.0,0.0,0.0,0.0,0.0,0.0,0.0,0.0,0.0,0.0,0.0,0.0,0.0,0.0,0.0,0.0,0.0,0.0,0.0,0.0,0.0,0.0,0.0,0.0,0.0,0.0,0.0,0.0,0.0,0.0,0.0,0.0,0.0,0.0,0.0,0.0,0.0,0.0,0.0,0.0,0.0,0.0,0.0,0.0,0.0,0.0,0.0,0.0,0.0,0.0,0.0,0.0,0.0,0.0,0.0,0.0,0.0,0.0,0.0,0.0,0.0,0.0,0.0,0.0,0.0,0.0,0.0,0.0,0.0,0.0,0.0,0.0,0.0,0.0,0.0,0.0,0.0,0.0,0.0,0.0,0.0,0.0,0.0,0.0,0.0,0.0,0.0,0.0,0.0,0.0,0.0,0.0,0.0,0.0,0.0,0.0,0.0,0.0,0.0,0.0,0.0,0.0,0.0,0.0,0.0,0.0,0.0,0.0,0.0,0.0,0.0,0.0,0.0,0.0,0.0,0.0,0.0,0.0,0.0,0.0,0.0,0.0,0.0,0.0,0.0,0.0,0.0,0.0,0.0,0.0,0.0,0.0,0.0,0.0,0.0,0.0,0.0,0.0,0.0,0.0,0.0,0.0,0.0,0.0,0.0,0.0,0.0,0.0,0.0,0.0,0.0,0.0,0.0,0.0,0.0,0.0,0.0,0.0,0.0,0.0,0.0,0.0,0.0,0.0,0.0,0.0,0.0,0.0,0.0,0.0,-0.2,0.0,-0.2,0.0,-0.2,0.0,-0.2,-0.2,-0.2,0.0,0.0,-0.1,0.0,0.0,-0.1,0.0,-0.2,0.0,-0.2,0.0,-0.2,-0.2,-0.1,-0.2,-0.2,-0.2,-0.2,-0.2,0.0,-0.2,-0.3,-0.2,0.0,0.0
21,0.0,0.0,0.0,0.0,0.0,0.0,0.0,0.0,0.0,0.0,0.0,0.0,0.0,0.0,0.0,0.0,0.0,0.0,0.0,0.0,0.0,0.0,0.0,0.0,0.0,0.0,0.0,0.0,0.0,0.0,0.0,0.0,0.0,0.0,0.0,0.0,0.0,0.0,0.0,0.0,0.0,0.0,0.0,0.0,0.0,0.0,0.0,0.0,0.0,0.0,0.0,0.0,0.0,0.0,0.0,0.0,0.0,0.0,0.0,0.0,0.0,0.0,0.0,0.0,0.0,0.0,0.0,0.0,0.0,0.0,0.0,-0.2,-0.3,-0.2,-0.3,0.0,-0.2,0.0,0.0,-0.2,-0.3,-0.3,0.0,-0.3,-0.3,-0.2,-0.2,-0.2,-0.2,-0.2,-0.2,0.0,-0.2,-0.2,0.0,0.0,0.0,0.0,0.0,0.0,0.0,0.0,0.0,0.0,0.0,0.0,0.0,0.0,0.0,0.0,0.0,0.0,0.0,0.0,0.0,0.0,0.0,0.0,0.0,0.0,0.0,0.0,0.0,0.0,0.0,0.0,0.0,0.0,0.0,0.0,0.0,0.0,0.0,0.0,0.0,0.0,0.0,0.0,0.0,0.0,0.0,0.0,0.0,0.0,0.0,0.0,0.0,0.0,0.0,0.0,0.0,0.0,0.0,0.0,0.0,0.0,0.0,0.0,0.0,0.0,0.0,0.0,0.0,0.0,0.0,0.0,0.0,0.0,0.0,0.0,0.0,0.0,0.0,0.0,0.0,0.0,0.0,0.0,0.0,0.0,0.0,0.0,0.0,0.0,0.0,0.0,0.0,-0.3,0.0,0.0,0.0,0.0,0.0,0.0,0.0,0.0,0.0,-0.2,0.0,0.0,0.0,-0.2,-0.2,-0.2,-0.2,0.0,0.0,-0.2,0.0,-0.2,-0.2,-0.2,-0.2,0.0,-0.2,0.0,0.0,-0.2,-0.2,-0.2,-0.2,0.0,-0.3,-0.2,-0.2,0.0,-0.2,0.0,0.0,-0.2,0.0,0.0,-0.2,-0.2,-0.2,-0.2,0.0,-0.2,0.0,0.0,0.0,-0.2,-0.2,-0.2,0.0,0.0,0.0,-0.3,-0.3,0.0,0.0,-0.3,0.0,-0.2,0.0,0.0,0.0,0.0,0.0,0.0,0.0,0.0,0.0,0.0,0.0,0.0,0.0,0.0,0.0,0.0,0.0,0.0,0.0,0.0,0.0,0.0,0.0,0.0,0.0,0.0,0.0,0.0,0.0,0.0,0.0,0.0,0.0,0.0,0.0,0.0,0.0,0.0,0.0,0.0,0.0,0.0,0.0,0.0,0.0,0.0,0.0,0.0,0.0,0.0,0.0,0.0,0.0,0.0,0.0,0.0,0.0,0.0,0.0,0.0,0.0,0.0,0.0,0.0,0.0,0.0,0.0,0.0,0.0,0.0,0.0,0.0,0.0,0.0,0.0,0.0,0.0,0.0,0.0,0.0,0.0,0.0,0.0,0.0,0.0,0.0,0.0,0.0,0.0,0.0,0.0,0.0,0.0,0.0,0.0,0.0,0.0,0.0,0.0,0.0,0.0,0.0,0.0,0.0,0.0,0.0,0.0,0.0,0.0,0.0,0.0,0.0,0.0,0.0,0.0,0.0,0.0,0.0,0.0,0.0,0.0,0.0,0.0,0.0,0.0,0.0,0.0,0.0,0.0,0.0,0.0,0.0,0.0,0.0,0.0,0.0,0.0,0.0,0.0,0.0,0.0,0.0,0.0,0.0,0.0,-1.5,-1.5,0.0,0.0,0.0,0.0,0.0,0.0,0.0,0.0,0.0,0.0,0.0,0.0,0.0,0.0,0.0,0.0,0.0,0.0,0.0,0.0,0.0,0.0,0.0,0.0,0.0,0.0,0.0,0.0,0.0,0.0,0.0,0.0,0.0,0.0,0.0,0.0,0.0,0.0,0.0,0.0,0.0,0.0,0.0,0.0,0.0,0.0,0.0,0.0,0.0,0.0,0.0,0.0,0.0,0.0,0.0,0.0,0.0,0.0,0.0,0.0,0.0,0.0,0.0,0.0,0.0,0.0,0.0,0.0,0.0,0.0,0.0,0.0,0.0,0.0,0.0,0.0,0.0,0.0,0.0,0.0,0.0,0.0,0.0,0.0,0.0,0.0,0.0,0.0,0.0,0.0,0.0,0.0,0.0,0.0,0.0,0.0,0.0,0.0,0.0,0.0,0.0,0.0,0.0,0.0,0.0,0.0,0.0,0.0,0.0,0.0,0.0,0.0,0.0,0.0,0.0,0.0,0.0,0.0,0.0,0.0,0.0,0.0,0.0,0.0,0.0,0.0,0.0,0.0,0.0,0.0,0.0,0.0,0.0,0.0,0.0,0.0,0.0,0.0,0.0,0.0,0.0,0.0,0.0,0.0,0.0,0.0,0.0,0.0,0.0,0.0,0.0,0.0,0.0,0.0,0.0,0.0,0.0,0.0,0.0,0.0,0.0,0.0,0.0,0.0,0.0,0.0,0.0,0.0,0.0,0.0,0.0,0.0,0.0,0.0,0.0,0.0,0.0,0.0,0.0,0.0,0.0,0.0,0.0,0.0,0.0,0.0,0.0,0.0,0.0,0.0,0.0,0.0,0.0,0.0,0.0,0.0,0.0,0.0,0.0,0.0,0.0,0.0,0.0,0.0,0.0,0.0,0.0,0.0,0.0,0.0,0.0,0.0,0.0,0.0,0.0,0.0,0.0,0.0,0.0,0.0,0.0,0.0,0.0,0.0,0.0,0.0,0.0,0.0,0.0,0.0,0.0,0.0,0.0,0.0,0.0,0.0,0.0,0.0,0.0,0.0,0.0,0.0,0.0,0.0,0.0,0.0,0.0,0.0,0.0,0.0,0.0,0.0,0.0,0.0,0.0,0.0,0.0,0.0,0.0,0.0,0.0,0.0,0.0,0.0,0.0,0.0,0.0,0.0,0.0,0.0,0.0,0.0,0.0,0.0,0.0,0.0,0.0,0.0,0.0,0.0,0.0,0.0,0.0,0.0,0.0,0.0,0.0,0.0,0.0,0.0,0.0,0.0,0.0,0.0,0.0,0.0,0.0,0.0,0.0,0.0,0.0,0.0,0.0,0.0,0.0,0.0,0.0,0.0,0.0,0.0,0.0,0.0,0.0,0.0,0.0,0.0,0.0,0.0,0.0,0.0,0.0,0.0,0.0,0.0,0.0,0.0,0.0,0.0,0.0,0.0,0.0,0.0,0.0,0.0,0.0,0.0,0.0,0.0,0.0,0.0,0.0,0.0,0.0,0.0,0.0,0.0,0.0,0.0,0.0,0.0,0.0,0.0,0.0
22,0.0,0.0,0.0,0.0,0.0,0.0,0.0,0.0,0.0,0.0,0.0,0.0,0.0,0.0,0.0,0.0,0.0,0.0,0.0,0.0,0.0,0.0,0.0,0.0,0.0,0.0,0.0,0.0,0.0,0.0,0.0,0.0,0.0,0.0,0.0,0.0,0.0,0.0,0.0,0.0,0.0,0.0,0.0,0.0,0.0,0.0,0.0,0.0,0.0,0.0,0.0,0.0,0.0,0.0,0.0,0.0,0.0,0.0,0.0,0.0,0.0,0.0,0.0,0.0,0.0,0.0,0.0,0.0,0.0,0.0,0.0,-0.3,-0.2,-0.3,-0.2,0.0,-0.3,0.0,0.0,-0.2,-0.2,-0.2,-0.2,-0.2,-0.2,-0.2,-0.2,-0.2,-0.2,-0.2,-0.2,0.0,-0.2,-0.2,0.0,0.0,0.0,0.0,0.0,0.0,0.0,0.0,0.0,0.0,0.0,0.0,0.0,0.0,0.0,0.0,0.0,0.0,0.0,0.0,0.0,0.0,0.0,0.0,0.0,0.0,0.0,0.0,0.0,0.0,0.0,0.0,0.0,0.0,0.0,0.0,0.0,0.0,0.0,0.0,0.0,0.0,0.0,0.0,0.0,0.0,0.0,0.0,0.0,0.0,0.0,0.0,0.0,0.0,0.0,0.0,0.0,0.0,0.0,0.0,0.0,0.0,0.0,0.0,0.0,0.0,0.0,0.0,0.0,0.0,0.0,0.0,0.0,0.0,0.0,0.0,0.0,0.0,0.0,0.0,0.0,0.0,0.0,0.0,0.0,0.0,0.0,0.0,0.0,0.0,0.0,0.0,0.0,-0.3,0.0,0.0,0.0,0.0,0.0,0.0,0.0,0.0,0.0,-0.3,0.0,0.0,0.0,-0.2,-0.2,-0.3,-0.2,0.0,0.0,-0.3,0.0,-0.2,-0.2,-0.2,-0.2,0.0,-0.2,0.0,0.0,-0.3,-0.2,-0.2,-0.2,0.0,-0.2,-0.3,-0.2,0.0,-0.2,0.0,0.0,-0.2,0.0,0.0,-0.2,-0.2,-0.2,-0.2,0.0,-0.2,0.0,0.0,0.0,-0.2,-0.2,-0.2,0.0,0.0,0.0,-0.2,-0.3,0.0,0.0,-0.2,0.0,-0.2,0.0,0.0,-0.2,0.0,0.0,0.0,0.0,0.0,0.0,0.0,0.0,0.0,0.0,0.0,0.0,0.0,0.0,0.0,0.0,0.0,0.0,0.0,0.0,0.0,0.0,0.0,0.0,0.0,0.0,0.0,0.0,0.0,0.0,0.0,0.0,0.0,0.0,0.0,0.0,0.0,0.0,0.0,0.0,0.0,0.0,0.0,0.0,0.0,0.0,0.0,0.0,0.0,0.0,0.0,0.0,0.0,0.0,0.0,0.0,0.0,0.0,0.0,0.0,0.0,0.0,0.0,0.0,0.0,0.0,0.0,0.0,0.0,0.0,0.0,0.0,0.0,0.0,0.0,0.0,0.0,0.0,0.0,0.0,0.0,0.0,0.0,0.0,0.0,0.0,0.0,0.0,0.0,0.0,0.0,0.0,0.0,0.0,0.0,0.0,0.0,0.0,0.0,0.0,0.0,0.0,0.0,0.0,0.0,0.0,0.0,0.0,0.0,0.0,0.0,0.0,0.0,0.0,0.0,0.0,0.0,0.0,0.0,0.0,0.0,0.0,0.0,0.0,0.0,0.0,0.0,0.0,0.0,0.0,0.0,0.0,0.0,0.0,0.0,0.0,0.0,0.0,0.0,0.0,0.0,0.0,-1.5,-1.5,0.0,0.0,0.0,0.0,0.0,0.0,0.0,0.0,0.0,0.0,0.0,0.0,0.0,0.0,0.0,0.0,0.0,0.0,0.0,0.0,0.0,0.0,0.0,0.0,0.0,0.0,0.0,0.0,0.0,0.0,0.0,0.0,0.0,0.0,0.0,0.0,0.0,0.0,0.0,0.0,0.0,0.0,0.0,0.0,0.0,0.0,0.0,0.0,0.0,0.0,0.0,0.0,0.0,0.0,0.0,0.0,0.0,0.0,0.0,0.0,0.0,0.0,0.0,0.0,0.0,0.0,0.0,0.0,0.0,0.0,0.0,0.0,0.0,0.0,0.0,0.0,0.0,0.0,0.0,0.0,0.0,0.0,0.0,0.0,0.0,0.0,0.0,0.0,0.0,0.0,0.0,0.0,0.0,0.0,0.0,0.0,0.0,0.0,0.0,0.0,0.0,0.0,0.0,0.0,0.0,0.0,0.0,0.0,0.0,0.0,0.0,0.0,0.0,0.0,0.0,0.0,0.0,0.0,0.0,0.0,0.0,0.0,0.0,0.0,0.0,0.0,0.0,0.0,0.0,0.0,0.0,0.0,0.0,0.0,0.0,0.0,0.0,0.0,0.0,0.0,0.0,0.0,0.0,0.0,0.0,0.0,0.0,0.0,0.0,0.0,0.0,0.0,0.0,0.0,0.0,0.0,0.0,0.0,0.0,0.0,0.0,0.0,0.0,0.0,0.0,0.0,0.0,0.0,0.0,0.0,0.0,0.0,0.0,0.0,0.0,0.0,0.0,0.0,0.0,0.0,0.0,0.0,0.0,0.0,0.0,0.0,0.0,0.0,0.0,0.0,0.0,0.0,0.0,0.0,0.0,0.0,0.0,0.0,0.0,0.0,0.0,0.0,0.0,0.0,0.0,0.0,0.0,0.0,0.0,0.0,0.0,0.0,0.0,0.0,0.0,0.0,0.0,0.0,0.0,0.0,0.0,0.0,0.0,0.0,0.0,0.0,0.0,0.0,0.0,0.0,0.0,0.0,0.0,0.0,0.0,0.0,0.0,0.0,0.0,0.0,0.0,0.0,0.0,0.0,0.0,0.0,0.0,0.0,0.0,0.0,0.0,0.0,0.0,0.0,0.0,0.0,0.0,0.0,0.0,0.0,0.0,0.0,0.0,0.0,0.0,0.0,0.0,0.0,0.0,0.0,0.0,0.0,0.0,0.0,0.0,0.0,0.0,0.0,0.0,0.0,0.0,0.0,0.0,0.0,0.0,0.0,0.0,0.0,0.0,0.0,0.0,0.0,0.0,0.0,0.0,0.0,0.0,0.0,0.0,0.0,0.0,0.0,0.0,0.0,0.0,0.0,0.0,0.0,0.0,0.0,0.0,0.0,0.0,0.0,0.0,0.0,0.0,0.0,0.0,0.0,0.0,0.0,0.0,0.0,0.0,0.0,0.0,0.0,0.0,0.0,0.0,0.0,0.0,0.0,0.0,0.0,0.0,0.0,0.0,0.0,0.0,0.0,0.0,0.0,0.0,0.0,0.0,0.0,0.0,0.0,0.0,0.0,0.0
23,0.0,0.0,0.0,0.0,0.0,0.0,0.0,0.0,0.0,0.0,0.0,0.0,0.0,0.0,0.0,0.0,0.0,0.0,0.0,0.0,0.0,0.0,0.0,0.0,0.0,0.0,0.0,0.0,0.0,0.0,0.0,0.0,0.0,0.0,0.0,0.0,0.0,0.0,0.0,0.0,0.0,0.0,0.0,0.0,0.0,0.0,0.0,0.0,0.0,0.0,0.0,0.0,0.0,0.0,0.0,0.0,0.0,0.0,0.0,0.0,0.0,0.0,0.0,0.0,0.0,0.0,0.0,0.0,0.0,0.0,0.0,-0.3,-0.3,-0.3,-0.2,0.0,-0.2,0.0,0.0,-0.2,-0.2,-0.2,-0.2,-0.2,-0.2,-0.2,-0.2,-0.2,-0.2,-0.2,-0.2,0.0,-0.3,-0.2,0.0,0.0,0.0,0.0,0.0,0.0,0.0,0.0,0.0,0.0,0.0,0.0,0.0,0.0,0.0,0.0,0.0,0.0,0.0,0.0,0.0,0.0,0.0,0.0,0.0,0.0,0.0,0.0,0.0,0.0,0.0,0.0,0.0,0.0,0.0,0.0,0.0,0.0,0.0,0.0,0.0,0.0,0.0,0.0,0.0,0.0,0.0,0.0,0.0,0.0,0.0,0.0,0.0,0.0,0.0,0.0,0.0,0.0,0.0,0.0,0.0,0.0,0.0,0.0,0.0,0.0,0.0,0.0,0.0,0.0,0.0,0.0,0.0,0.0,0.0,0.0,0.0,0.0,0.0,0.0,0.0,0.0,0.0,0.0,0.0,0.0,0.0,0.0,0.0,0.0,0.0,0.0,0.0,-0.3,0.0,0.0,0.0,0.0,0.0,0.0,0.0,0.0,0.0,-0.2,0.0,0.0,0.0,-0.2,-0.2,-0.2,-0.2,0.0,0.0,-0.2,0.0,-0.3,0.0,-0.2,-0.2,0.0,-0.2,0.0,0.0,-0.2,-0.2,-0.2,-0.2,0.0,-0.2,-0.2,-0.3,0.0,-0.2,0.0,0.0,-0.2,0.0,0.0,-0.2,-0.2,-0.3,-0.2,0.0,-0.2,0.0,0.0,0.0,-0.2,-0.2,-0.2,0.0,0.0,0.0,-0.2,-0.2,0.0,0.0,-0.2,0.0,-0.2,0.0,0.0,-0.2,0.0,0.0,0.0,0.0,0.0,0.0,0.0,0.0,0.0,0.0,0.0,0.0,0.0,0.0,0.0,0.0,0.0,0.0,0.0,0.0,0.0,0.0,0.0,0.0,0.0,0.0,0.0,0.0,0.0,0.0,0.0,0.0,0.0,0.0,0.0,0.0,0.0,0.0,0.0,0.0,0.0,0.0,0.0,0.0,0.0,0.0,0.0,0.0,0.0,0.0,0.0,0.0,0.0,0.0,0.0,0.0,0.0,0.0,0.0,0.0,0.0,0.0,0.0,0.0,0.0,0.0,0.0,0.0,0.0,0.0,0.0,0.0,0.0,0.0,0.0,0.0,0.0,0.0,0.0,0.0,0.0,0.0,0.0,0.0,0.0,0.0,0.0,0.0,0.0,0.0,0.0,0.0,0.0,0.0,0.0,0.0,0.0,0.0,0.0,0.0,0.0,0.0,0.0,0.0,0.0,0.0,0.0,0.0,0.0,0.0,0.0,0.0,0.0,0.0,0.0,0.0,0.0,0.0,0.0,0.0,0.0,0.0,0.0,0.0,0.0,0.0,0.0,0.0,0.0,0.0,0.0,0.0,0.0,0.0,0.0,0.0,0.0,0.0,0.0,0.0,0.0,0.0,-1.5,-1.5,0.0,0.0,0.0,0.0,0.0,0.0,0.0,0.0,0.0,0.0,0.0,0.0,0.0,0.0,0.0,0.0,0.0,0.0,0.0,0.0,0.0,0.0,0.0,0.0,0.0,0.0,0.0,0.0,0.0,0.0,0.0,0.0,0.0,0.0,0.0,0.0,0.0,0.0,0.0,0.0,0.0,0.0,0.0,0.0,0.0,0.0,0.0,0.0,0.0,0.0,0.0,0.0,0.0,0.0,0.0,0.0,0.0,0.0,0.0,0.0,0.0,0.0,0.0,0.0,0.0,0.0,0.0,0.0,0.0,0.0,0.0,0.0,0.0,0.0,0.0,0.0,0.0,0.0,0.0,0.0,0.0,0.0,0.0,0.0,0.0,0.0,0.0,0.0,0.0,0.0,0.0,0.0,0.0,0.0,0.0,0.0,0.0,0.0,0.0,0.0,0.0,0.0,0.0,0.0,0.0,0.0,0.0,0.0,0.0,0.0,0.0,0.0,0.0,0.0,0.0,0.0,0.0,0.0,0.0,0.0,0.0,0.0,0.0,0.0,0.0,0.0,0.0,0.0,0.0,0.0,0.0,0.0,0.0,0.0,0.0,0.0,0.0,0.0,0.0,0.0,0.0,0.0,0.0,0.0,0.0,0.0,0.0,0.0,0.0,0.0,0.0,0.0,0.0,0.0,0.0,0.0,0.0,0.0,0.0,0.0,0.0,0.0,0.0,0.0,0.0,0.0,0.0,0.0,0.0,0.0,0.0,0.0,0.0,0.0,0.0,0.0,0.0,0.0,0.0,0.0,0.0,0.0,0.0,0.0,0.0,0.0,0.0,0.0,0.0,0.0,0.0,0.0,0.0,0.0,0.0,0.0,0.0,0.0,0.0,0.0,0.0,0.0,0.0,0.0,0.0,0.0,0.0,0.0,0.0,0.0,0.0,0.0,0.0,0.0,0.0,0.0,0.0,0.0,0.0,0.0,0.0,0.0,0.0,0.0,0.0,0.0,0.0,0.0,0.0,0.0,0.0,0.0,0.0,0.0,0.0,0.0,0.0,0.0,0.0,0.0,0.0,0.0,0.0,0.0,0.0,0.0,0.0,0.0,0.0,0.0,0.0,0.0,0.0,0.0,0.0,0.0,0.0,0.0,0.0,0.0,0.0,0.0,0.0,0.0,0.0,0.0,0.0,0.0,0.0,0.0,0.0,0.0,0.0,0.0,0.0,0.0,0.0,0.0,0.0,0.0,0.0,0.0,0.0,0.0,0.0,0.0,0.0,0.0,0.0,0.0,0.0,0.0,0.0,0.0,0.0,0.0,0.0,0.0,0.0,0.0,0.0,0.0,0.0,0.0,0.0,0.0,0.0,0.0,0.0,0.0,0.0,0.0,0.0,0.0,0.0,0.0,0.0,0.0,0.0,0.0,0.0,0.0,0.0,0.0,0.0,0.0,0.0,0.0,0.0,0.0,0.0,0.0,0.0,0.0,0.0,0.0,0.0,0.0,0.0,0.0,0.0,0.0,0.0,0.0,0.0,0.0,0.0,0.0,0.0,0.0,0.0,0.0,0.0
